0 0 0 0 0 0 0 0 0 0 0 0 0 0 0 0 0 0 0 0 0 0 0 0 0 0 0 0 0 0 0 0 0 0 0 0 0 0 0 0 0 0 0 0 0 0 0 0 0 0 0 0 0 0 0 0 0 0 0 0 0 0 0 0 0 0 0 0 0 0 0 0 0 0 0 0 0 0 0 0 0 0 0 0 0 0 0 0 0 0 0 0 0 0 0 0 0 0 0 0 
0 0 0 0 0 0 0 0 0 0 0 0 0 0 0 0 0 0 0 0 0 0 0 0 0 0 0 0 0 0 0 0 0 0 0 0 0 0 0 1 3 5 7 9 11 13 15 17 19 21 23 25 27 29 31 33 35 37 39 41 1 3 5 7 9 11 13 15 17 19 21 21 19 17 15 13 11 9 7 5 3 1 31 31 31 31 31 31 31 31 31 31 31 31 31 29 27 25 23 21 
0 0 0 0 0 0 0 0 0 0 0 0 0 0 0 1 1 1 1 1 1 1 1 1 1 1 1 0 0 0 0 0 0 0 0 0 0 0 0 1 3 5 7 9 11 13 15 17 19 21 23 25 27 29 31 33 35 37 39 41 1 3 5 7 9 11 13 15 17 19 21 21 19 17 15 13 11 9 7 5 3 1 33 33 33 33 33 33 33 33 33 33 33 33 31 29 27 25 23 21 
0 0 0 0 0 0 0 0 0 0 0 0 0 0 0 1 3 3 3 3 3 3 3 3 3 3 1 0 0 0 0 0 0 0 0 0 0 0 0 1 3 5 7 9 11 13 15 17 19 21 23 25 27 29 31 33 35 37 39 41 1 3 5 7 9 11 13 15 17 19 19 19 19 17 15 13 11 9 7 5 3 1 35 35 35 35 35 35 35 35 35 35 35 33 31 29 27 25 23 21 
0 0 0 0 0 0 0 0 0 0 0 0 0 0 0 1 3 5 5 5 5 5 5 5 5 3 1 0 0 0 0 0 0 0 0 0 0 0 0 1 3 5 7 9 11 13 15 17 19 21 23 25 27 29 31 33 35 37 39 41 1 3 5 7 9 11 13 15 17 17 17 17 17 17 15 13 11 9 7 5 3 1 37 37 37 37 37 37 37 37 37 37 35 33 31 29 27 25 23 21 
0 0 0 0 0 0 0 0 0 0 0 0 0 0 0 1 3 5 7 7 7 7 7 7 5 3 1 0 0 0 0 0 0 0 0 0 0 0 0 1 3 5 7 9 11 13 15 17 19 21 23 25 27 29 31 33 35 37 39 41 1 3 5 7 9 11 13 15 15 15 15 15 15 15 15 13 11 9 7 5 3 1 39 39 39 39 39 39 39 39 39 37 35 33 31 29 27 25 23 21 
0 2 2 2 2 2 2 2 2 2 2 2 2 2 2 2 2 2 2 2 2 2 2 2 2 2 2 2 2 2 2 2 2 2 2 2 2 2 2 2 2 2 2 2 2 2 2 2 2 2 2 2 2 2 2 2 2 2 2 2 1 3 5 7 9 11 13 13 13 13 13 13 13 13 13 13 11 9 7 5 3 1 41 41 41 41 41 41 41 41 39 37 35 33 31 29 27 25 23 21 
0 2 4 4 4 4 4 4 4 4 4 4 4 4 4 4 4 4 4 4 4 4 4 4 4 4 4 4 4 4 4 4 4 4 4 4 4 4 4 4 4 4 4 4 4 4 4 4 4 4 4 4 4 4 4 4 4 4 4 4 1 3 5 7 9 11 11 11 11 11 11 11 11 11 11 11 11 9 7 5 3 1 43 43 43 43 43 43 43 41 39 37 35 33 31 29 27 25 23 21 
0 2 4 6 6 6 6 6 6 6 6 6 6 6 6 6 6 6 6 6 6 6 6 6 6 6 6 6 6 6 6 6 6 6 6 6 6 6 6 6 6 6 6 6 6 6 6 6 6 6 6 6 6 6 6 6 6 6 6 6 1 3 5 7 9 9 9 9 9 9 9 9 9 9 9 9 9 9 7 5 3 1 45 45 45 45 45 45 43 41 39 37 35 33 31 29 27 25 23 21 
0 2 4 6 8 8 8 8 8 8 8 8 8 8 8 8 8 8 8 8 8 8 8 8 8 8 8 8 8 8 8 8 8 8 8 8 8 8 8 8 8 8 8 8 8 8 8 8 8 8 8 8 8 8 8 8 8 8 8 8 1 3 5 7 7 7 7 7 7 7 7 7 7 7 7 7 7 7 7 5 3 1 45 47 47 47 47 45 43 41 39 37 35 33 31 29 27 25 23 21 
0 2 4 6 8 10 10 10 10 10 10 10 10 10 10 10 10 10 10 10 10 10 10 10 10 10 10 10 10 10 10 10 10 10 10 10 10 10 10 10 10 10 10 10 10 10 10 10 10 10 10 10 10 10 10 10 10 10 10 10 1 3 5 5 5 5 5 5 5 5 5 5 5 5 5 5 5 5 5 5 3 1 45 47 49 49 47 45 43 41 39 37 35 33 31 29 27 25 23 21 
0 2 4 6 8 10 12 12 12 12 12 12 12 12 12 12 12 12 12 12 12 12 12 12 12 12 12 12 12 12 12 12 12 12 12 12 12 12 12 12 12 12 12 12 12 12 12 12 12 12 12 12 12 12 12 12 12 12 12 12 1 3 3 3 3 3 3 3 3 3 3 3 3 3 3 3 3 3 3 3 3 1 45 47 49 49 47 45 43 41 39 37 35 33 31 29 27 25 23 21 
0 2 4 6 8 10 12 14 14 14 14 14 14 14 14 14 14 14 14 14 14 14 14 14 14 14 14 14 14 14 14 14 14 14 14 14 14 14 14 14 14 14 14 14 14 14 14 14 14 14 14 14 14 14 14 14 14 14 14 14 1 1 1 1 1 1 1 1 1 1 1 1 1 1 1 1 1 1 1 1 1 1 45 47 47 47 47 45 43 41 39 37 35 33 31 29 27 25 23 21 
0 2 4 6 8 10 12 14 16 16 16 16 16 16 16 16 16 16 16 16 16 16 16 16 16 16 16 16 16 16 16 16 16 16 16 16 16 16 16 16 16 16 16 16 16 16 16 16 16 16 16 16 16 16 16 16 16 16 16 16 16 3 5 7 9 11 13 15 17 19 21 23 25 27 29 31 33 35 37 39 41 43 45 45 45 45 45 45 43 41 39 37 35 33 31 29 27 25 23 21 
0 2 4 6 8 10 12 14 16 18 18 18 18 18 18 18 18 18 18 18 18 18 18 18 18 18 18 18 18 18 18 18 18 18 18 18 18 18 18 18 18 18 18 18 18 18 18 18 18 18 18 18 18 18 18 18 18 18 18 18 18 18 5 7 9 11 13 15 17 19 21 23 25 27 29 31 33 35 37 39 41 43 43 43 43 43 43 43 43 41 39 37 35 33 31 29 27 25 23 21 
0 2 4 6 8 10 12 14 16 18 20 20 20 20 20 20 20 20 20 20 20 20 20 20 20 20 20 20 20 20 20 20 20 20 20 20 20 20 20 20 20 20 20 20 20 20 20 20 20 20 20 20 20 20 20 20 20 20 20 20 20 20 20 20 9 11 13 15 17 19 21 23 25 27 29 31 33 35 37 39 41 41 41 41 41 41 41 41 41 41 39 37 35 33 31 29 27 25 23 21 
0 2 4 6 8 10 12 14 16 18 20 22 22 22 22 22 22 22 22 22 22 22 22 22 22 22 22 22 22 22 22 22 22 22 22 22 22 22 22 22 22 22 22 22 22 22 22 22 22 22 22 22 22 22 22 22 22 22 22 22 22 22 22 22 22 11 13 15 17 19 21 23 25 27 29 31 33 35 37 39 39 39 39 39 39 39 39 39 39 39 39 37 35 33 31 29 27 25 23 21 
0 2 4 6 8 10 12 14 16 18 20 22 24 24 24 24 24 24 24 24 24 24 24 24 24 24 24 24 24 24 24 24 24 24 24 24 24 24 24 24 24 24 24 24 24 24 24 24 24 24 24 24 24 24 24 24 24 24 24 24 24 24 24 24 22 11 13 15 17 19 21 23 25 27 29 31 33 35 37 37 37 37 37 37 37 37 37 37 37 37 37 37 35 33 31 29 27 25 23 21 
0 2 4 6 8 10 12 14 16 18 20 22 24 26 26 26 26 26 26 26 26 26 26 26 26 26 26 26 26 26 26 26 26 26 26 26 26 26 26 26 26 26 26 26 26 26 26 26 26 26 26 26 26 26 26 26 26 26 26 26 26 26 26 24 22 11 13 15 17 19 21 23 25 27 29 31 33 35 35 35 35 35 35 35 35 35 35 35 35 35 35 35 35 33 31 29 27 25 23 21 
0 2 4 6 8 10 12 14 16 18 20 22 24 26 28 28 28 28 28 28 28 28 28 28 28 28 28 28 28 28 28 28 28 28 28 28 28 28 28 28 28 28 28 28 28 28 28 28 28 28 28 28 28 28 28 28 28 28 28 28 28 28 26 24 22 11 13 15 17 19 21 23 25 27 29 31 33 33 33 33 33 33 33 33 33 33 33 33 33 33 33 33 33 33 31 29 27 25 23 21 
0 2 4 6 8 10 12 14 16 18 20 22 24 26 28 30 30 30 30 30 30 30 30 30 30 30 30 30 30 30 30 30 30 30 30 30 30 30 30 30 30 30 30 30 30 30 30 30 30 30 30 30 30 30 30 30 30 30 30 30 30 28 26 24 22 11 13 15 17 19 21 23 25 27 29 31 31 31 31 31 31 31 31 31 31 31 31 31 31 31 31 31 31 31 31 29 27 25 23 21 
0 2 4 6 8 10 12 14 16 18 20 22 24 26 28 30 32 32 32 32 32 32 32 32 32 32 32 32 32 32 32 32 32 32 32 32 32 32 32 32 32 32 32 32 32 32 32 32 32 32 32 32 32 32 32 32 32 32 32 32 30 28 26 24 22 11 13 15 17 19 21 23 25 27 29 29 29 29 29 29 29 29 29 29 29 29 29 29 29 29 29 29 29 29 29 29 27 25 23 21 
0 2 4 6 8 10 12 14 16 18 20 22 24 26 28 30 32 34 34 34 34 34 34 34 34 34 34 34 34 34 34 34 34 34 34 34 34 34 34 34 34 34 34 34 34 34 34 34 34 34 34 34 34 34 34 34 34 34 34 32 30 28 26 24 22 11 13 15 17 8 8 23 25 27 27 27 27 27 27 27 27 27 27 27 27 27 27 27 27 27 27 27 27 27 27 27 27 25 23 8 
0 2 4 6 8 10 12 14 16 18 20 22 24 26 28 30 32 34 36 36 36 36 36 36 36 36 36 36 36 36 36 36 36 36 36 36 36 36 36 36 36 36 36 36 36 36 36 36 36 36 36 36 36 36 36 36 36 36 34 32 30 28 26 24 22 11 13 15 17 8 10 10 25 25 25 25 25 25 25 25 25 25 25 25 25 25 25 25 25 25 25 25 25 25 25 25 25 25 10 10 
0 2 4 6 8 10 12 14 16 18 20 22 24 26 28 30 32 34 36 38 38 38 38 38 38 38 38 38 38 38 38 38 38 38 38 38 38 38 38 38 38 38 38 38 38 38 38 38 38 38 38 38 38 38 38 38 38 36 34 32 30 28 26 24 22 11 13 15 17 8 10 12 12 12 12 12 12 12 12 12 12 12 12 12 12 12 12 12 12 12 12 12 12 12 12 12 12 12 12 12 
0 2 4 6 8 10 12 14 16 18 20 22 24 26 28 30 32 34 36 38 40 40 40 40 40 40 40 40 40 40 40 40 40 40 40 40 40 40 40 40 40 40 40 40 40 40 40 40 40 40 40 40 40 40 40 40 38 36 34 32 30 28 26 24 22 11 13 15 17 8 10 12 14 14 14 14 14 14 14 14 14 14 14 14 14 14 14 14 14 14 14 14 14 14 14 14 14 14 14 14 
0 2 4 6 8 10 12 14 16 18 20 22 24 26 28 30 32 34 36 38 40 42 42 42 42 42 42 42 42 42 42 42 42 42 42 42 42 42 42 42 42 42 42 42 42 42 42 42 42 42 42 42 42 42 42 40 38 36 34 32 30 28 26 24 22 11 13 15 17 8 10 12 14 16 16 16 16 16 16 16 16 16 16 16 16 16 16 16 16 16 16 16 16 16 16 16 16 16 16 16 
0 2 4 6 8 10 12 14 16 18 20 22 24 26 28 30 32 34 36 38 40 42 44 44 44 44 44 44 44 44 44 44 44 44 44 44 44 44 44 44 44 44 44 44 44 44 44 44 44 44 44 44 44 44 42 40 38 36 34 32 30 28 26 24 22 11 13 15 17 8 10 12 14 16 18 18 18 18 18 18 18 18 18 18 18 18 18 18 18 18 18 18 18 18 18 18 18 18 18 18 
0 2 4 6 8 10 12 14 16 18 20 22 24 26 28 30 32 34 36 38 40 42 44 46 46 46 46 46 46 46 46 46 46 46 46 46 46 46 46 46 46 46 46 46 46 46 46 46 46 46 46 46 46 44 42 40 38 36 34 32 30 28 26 24 22 11 13 15 6 8 10 12 14 16 18 20 20 20 20 20 20 20 20 20 20 20 20 20 20 20 20 20 20 20 20 20 20 20 20 20 
0 2 4 6 8 10 12 14 16 18 20 22 24 26 28 30 32 34 36 38 40 42 44 46 48 48 48 48 48 48 48 48 48 48 48 48 48 48 48 48 48 48 48 48 48 48 48 48 48 48 48 48 46 44 42 40 38 36 34 32 30 28 26 24 22 11 13 13 6 8 10 12 14 16 18 20 22 22 22 22 22 22 22 22 22 22 22 22 22 22 22 22 22 22 22 22 22 22 22 22 
0 2 4 6 8 10 12 14 16 18 20 22 24 26 28 30 32 34 36 38 40 42 44 46 48 50 50 50 50 50 50 50 50 50 50 50 50 50 50 50 50 50 50 50 50 50 50 50 50 50 50 48 46 44 42 40 38 36 34 32 30 28 26 24 22 11 11 4 6 8 10 12 14 16 18 20 22 24 24 24 24 24 24 24 24 24 24 24 24 24 24 24 24 24 24 24 24 24 24 24 
0 2 4 6 8 10 12 14 16 18 20 22 24 26 28 30 32 34 36 38 40 42 44 46 48 50 52 52 52 52 52 52 52 52 52 52 52 52 52 52 52 52 52 52 52 52 52 52 52 52 50 48 46 44 42 40 38 36 34 32 30 28 26 24 22 9 9 4 6 8 10 12 14 16 18 20 22 24 26 26 26 26 26 26 26 26 26 26 26 26 26 26 26 26 26 26 26 26 26 26 
0 2 4 6 8 10 12 14 16 18 20 22 24 26 28 30 32 34 36 38 40 42 44 46 48 50 52 54 54 54 54 54 54 54 54 54 54 54 54 54 54 54 54 54 54 54 54 54 54 52 50 48 46 44 42 40 38 36 34 32 30 28 26 24 22 20 2 4 6 8 10 12 14 16 18 20 22 24 26 28 28 28 28 28 28 28 28 28 28 28 28 28 28 28 28 28 28 28 28 28 
0 2 4 6 8 10 12 14 16 18 20 22 24 26 28 30 32 34 36 38 40 42 44 46 48 50 52 54 56 56 56 56 56 56 56 56 56 56 56 56 56 56 56 56 56 56 56 56 54 52 50 48 46 44 42 40 38 36 34 32 30 28 26 24 22 20 2 4 6 8 10 12 14 16 18 20 22 24 26 28 30 30 30 30 30 30 30 30 30 30 30 30 30 30 30 30 30 30 30 30 
0 2 2 2 2 2 2 2 2 2 2 22 24 26 28 30 32 34 36 38 40 42 44 46 48 50 52 54 56 58 58 58 58 58 58 58 58 58 58 58 58 58 58 58 58 58 58 56 54 52 50 48 46 44 42 40 38 36 34 32 30 28 26 24 22 20 2 4 6 8 10 12 14 16 18 20 22 24 26 28 30 32 32 32 32 32 32 32 32 32 32 32 32 32 32 32 32 32 32 32 
0 2 4 4 4 4 4 4 4 4 2 22 24 26 28 30 32 34 36 38 40 42 44 46 48 50 52 54 56 58 60 60 60 60 60 60 60 60 60 60 60 60 60 60 60 60 58 56 54 52 50 48 46 44 42 40 38 36 34 32 30 28 26 24 22 20 2 4 6 8 10 12 14 16 18 20 22 24 26 28 30 32 34 34 34 34 34 34 34 34 34 34 34 34 34 34 34 34 34 34 
0 2 4 6 6 6 6 6 6 4 2 22 24 26 28 30 32 34 36 38 40 42 44 46 48 50 52 54 56 58 60 62 62 62 62 62 62 62 62 62 62 62 62 62 62 60 58 56 54 52 50 48 46 44 42 40 38 36 34 32 30 28 26 24 22 20 2 4 6 8 10 12 14 16 18 20 22 24 26 28 30 32 34 36 36 36 36 36 36 36 36 36 36 36 36 36 36 36 36 36 
0 2 4 6 8 8 8 8 6 4 2 22 24 26 28 30 32 34 36 38 40 42 44 46 48 50 52 54 56 58 60 62 64 64 64 64 64 64 64 64 64 64 64 64 62 60 58 56 54 52 50 48 46 44 42 40 38 36 34 32 30 28 26 24 22 20 2 4 6 8 10 12 14 16 18 20 22 24 26 28 30 32 34 36 38 38 38 38 38 38 38 38 38 38 38 38 38 38 38 38 
0 2 4 6 8 10 10 8 6 4 2 22 24 26 28 30 32 34 36 38 40 42 44 46 48 50 52 54 56 58 60 62 64 66 66 66 66 66 66 66 66 66 66 64 62 60 58 56 54 52 50 48 46 44 42 40 38 36 34 32 30 28 26 24 22 20 2 4 6 8 10 12 14 16 18 20 22 24 26 28 30 32 34 36 38 40 40 40 40 40 40 40 40 40 40 40 40 40 40 40 
0 2 4 6 8 10 10 8 6 4 2 22 24 26 28 30 32 34 36 38 40 42 44 46 48 50 52 54 56 58 60 62 64 66 68 68 68 68 68 68 68 68 66 64 62 60 58 56 54 52 50 48 46 44 42 40 38 36 34 32 30 28 26 24 22 20 2 4 6 8 10 12 14 16 18 20 22 24 26 28 30 32 34 36 38 40 42 42 42 42 42 42 42 42 42 42 42 42 42 42 
0 2 4 6 8 8 8 8 6 4 2 22 24 26 28 30 32 34 36 38 40 42 44 46 48 50 52 54 56 58 60 62 64 66 68 70 70 70 70 70 70 68 66 64 62 60 58 56 54 52 50 48 46 44 42 40 38 36 34 32 30 28 26 24 22 20 2 4 6 8 10 12 14 16 18 20 22 24 26 28 30 32 34 36 38 40 42 44 44 44 44 44 44 44 44 44 44 44 44 44 
0 2 4 6 6 6 6 6 6 4 2 22 24 26 28 30 32 34 36 38 40 42 44 46 48 50 52 54 56 58 60 62 64 66 68 70 72 72 72 72 70 68 66 64 62 60 58 56 54 52 50 48 46 44 42 2 2 2 2 2 2 2 26 24 22 20 2 4 6 8 10 12 14 16 18 20 22 24 26 28 30 32 34 36 38 40 42 44 46 46 46 46 46 46 46 46 46 46 46 46 
0 2 4 4 4 4 4 4 4 4 2 22 24 26 28 30 32 34 36 38 40 42 44 46 48 50 52 54 56 58 60 62 64 66 68 70 72 74 74 72 70 68 66 64 62 60 58 56 54 52 50 48 46 44 4 4 4 4 4 4 4 2 26 24 22 20 2 4 6 8 10 12 14 16 18 20 22 24 26 28 30 32 34 36 38 40 42 44 46 48 48 48 48 48 48 48 48 48 48 48 
0 2 2 2 2 2 2 2 2 2 2 22 24 26 28 30 32 34 36 38 40 42 44 46 48 50 52 54 56 58 60 62 64 66 68 70 72 74 74 72 70 68 66 64 62 60 58 56 54 52 50 48 46 6 6 6 6 6 6 6 4 2 26 24 22 20 2 4 6 8 10 12 14 16 18 20 22 24 26 28 30 32 34 36 38 40 42 44 46 48 50 50 50 50 50 50 50 50 50 50 
0 2 4 6 8 10 12 14 16 18 20 22 24 26 28 30 32 34 36 38 40 42 44 46 48 50 52 54 56 58 60 62 64 66 68 70 72 72 72 72 70 68 66 64 62 60 58 56 54 52 50 48 46 8 8 8 8 8 8 6 4 2 26 24 22 20 2 4 6 8 10 12 14 16 18 20 22 24 26 28 30 32 34 36 38 40 42 44 46 48 50 52 52 52 52 52 52 52 52 52 
0 2 4 6 8 10 12 14 16 18 20 22 24 26 28 30 32 34 36 38 40 42 44 46 48 50 52 54 56 58 60 62 64 66 68 70 70 70 70 70 70 68 66 64 62 60 58 56 54 52 50 48 46 10 10 10 10 10 8 6 4 2 26 24 22 20 2 4 6 8 10 12 14 16 18 20 22 24 26 28 30 32 34 36 38 40 42 44 46 48 50 52 54 54 54 54 54 54 54 54 
0 2 4 6 8 10 12 14 16 18 20 22 24 26 28 30 32 34 36 38 40 42 44 46 48 50 52 54 56 58 60 62 64 66 68 68 68 68 68 68 68 68 66 64 62 60 58 56 54 52 50 48 12 12 12 12 12 10 8 6 4 2 26 24 22 20 2 4 6 8 10 12 14 16 18 20 22 24 26 28 30 32 34 36 38 40 42 44 46 48 50 52 54 56 56 56 56 56 56 56 
0 2 4 6 8 10 12 14 16 18 20 22 24 26 28 30 32 34 36 38 40 42 44 46 48 50 52 54 56 58 60 62 64 66 66 66 66 66 66 66 66 66 66 64 62 60 58 56 54 52 50 48 14 14 14 14 12 10 8 6 4 2 26 24 22 20 2 4 6 8 10 12 14 16 18 20 22 24 26 28 30 32 34 36 38 40 42 44 46 48 50 52 54 56 58 58 58 58 58 58 
0 2 4 6 8 10 12 14 16 18 20 22 24 26 28 30 32 34 36 38 40 42 44 46 48 50 52 54 56 58 60 62 64 64 64 64 64 64 64 64 64 64 64 64 62 60 58 56 54 52 50 16 16 16 16 14 12 10 8 6 4 2 26 24 22 20 2 4 6 8 10 12 14 16 18 20 22 24 26 28 30 32 34 36 38 40 42 44 46 48 50 52 54 56 58 60 60 60 60 60 
0 2 4 6 8 10 12 14 16 18 20 22 24 26 28 30 32 34 36 38 40 42 44 46 48 50 52 54 56 58 60 62 62 62 62 62 62 62 62 62 62 62 62 62 62 60 58 56 54 52 50 18 18 18 16 14 12 10 8 6 4 2 26 24 22 20 2 4 6 8 10 12 14 16 18 20 22 24 26 28 30 32 34 36 38 40 42 44 46 48 50 52 54 56 58 60 62 62 62 62 
0 2 4 6 8 10 12 14 16 18 20 22 24 26 28 30 32 34 36 38 40 42 44 46 48 50 52 54 56 58 60 60 60 60 60 60 60 60 60 60 60 60 60 60 60 60 58 56 54 52 20 20 20 18 16 14 12 10 8 6 4 2 26 24 22 20 2 4 6 8 10 12 14 16 18 20 22 24 26 28 30 32 34 36 38 40 42 44 46 48 50 52 54 56 58 60 62 64 64 62 
0 2 4 6 8 10 12 14 16 18 20 22 24 26 28 30 32 34 36 38 40 42 44 46 48 50 52 54 56 58 58 58 58 58 58 58 58 58 58 58 58 58 58 58 58 58 58 56 54 22 22 22 20 18 16 14 12 10 8 6 4 2 26 24 22 20 2 4 6 8 10 12 14 16 18 20 22 24 26 28 30 32 34 36 38 40 42 44 46 48 50 52 54 56 58 60 62 64 64 62 
0 2 2 2 2 2 2 2 2 2 2 2 2 2 2 2 2 2 2 2 2 2 2 2 2 2 2 54 56 56 56 56 56 56 56 56 56 56 56 56 56 56 56 56 56 56 56 56 24 24 24 22 20 18 16 14 12 10 8 6 4 2 26 24 22 20 2 4 6 8 10 12 14 16 18 20 22 24 26 28 30 32 34 36 38 40 42 44 46 48 50 52 54 56 58 60 62 62 62 62 
0 2 4 4 4 4 4 4 4 4 4 4 4 4 4 4 4 4 4 4 4 4 4 4 4 4 2 54 54 54 54 54 54 54 54 54 54 24 26 26 26 26 26 26 26 26 26 26 26 26 24 22 20 18 16 14 12 10 8 6 4 2 26 24 22 20 2 4 6 8 10 12 14 16 18 20 22 24 26 28 30 32 34 36 38 40 42 44 46 48 50 52 54 56 58 60 60 60 60 60 
0 2 4 6 6 6 6 6 6 6 6 6 6 6 6 6 6 6 6 6 6 6 6 6 6 4 2 52 52 52 52 52 52 52 52 52 22 24 26 28 28 28 28 28 28 28 28 28 28 26 24 22 20 18 16 14 12 10 8 6 4 2 26 24 22 20 2 4 6 8 10 12 14 16 18 20 22 24 26 28 30 32 34 36 38 40 42 44 46 48 50 52 54 56 58 58 58 58 58 58 
0 2 4 6 8 8 8 8 8 8 8 8 8 8 8 8 8 8 8 8 8 8 8 8 6 4 2 50 50 50 50 50 50 50 50 20 22 24 26 28 30 30 30 30 30 30 30 30 28 26 24 22 20 18 16 14 12 10 8 6 4 2 26 24 22 20 2 4 6 8 10 12 14 16 18 20 22 24 26 28 30 32 34 36 38 40 42 44 46 48 50 52 54 56 56 56 56 56 56 56 
0 2 4 6 8 10 10 10 10 10 10 10 10 10 10 10 10 10 10 10 10 10 10 8 6 4 2 48 48 48 48 48 48 16 18 20 22 24 26 28 30 32 32 32 32 32 32 30 28 26 24 22 20 18 16 14 12 10 8 6 4 2 26 24 22 20 2 4 6 8 10 12 14 16 18 20 22 24 26 28 30 32 34 36 38 40 42 44 46 48 50 52 54 54 54 54 54 54 54 54 
0 2 4 6 8 10 12 12 12 12 12 12 12 12 12 12 12 12 12 12 12 12 10 8 6 4 2 46 46 46 46 12 14 16 18 20 22 24 26 28 30 32 34 34 34 34 32 30 28 26 24 22 20 18 16 14 12 10 8 6 4 2 26 24 22 20 2 4 6 8 10 12 14 16 18 20 22 24 26 28 30 32 34 36 38 40 42 44 46 48 50 52 52 52 52 52 52 52 52 52 
0 2 4 6 8 10 12 14 14 14 14 14 14 14 14 14 14 14 14 14 14 12 10 8 6 4 2 44 44 8 10 12 14 16 18 20 22 24 26 28 30 32 34 36 36 34 32 30 28 26 24 22 20 18 16 14 12 10 8 6 4 2 26 24 22 20 2 4 6 8 10 12 14 16 18 20 22 24 26 28 30 32 34 36 38 40 42 44 46 48 50 50 50 50 50 50 50 50 50 50 
0 2 4 6 8 10 12 14 16 16 16 16 16 16 16 16 16 16 16 16 14 12 10 8 6 4 2 4 6 8 10 12 14 16 18 20 22 24 26 28 30 32 34 36 36 34 32 30 28 26 24 22 20 18 16 14 12 10 8 6 4 2 26 24 22 20 2 4 6 8 10 12 14 16 18 20 22 24 26 28 30 32 34 36 38 40 42 44 46 48 48 48 48 48 48 48 48 48 48 48 
0 2 4 6 8 10 12 14 16 18 18 18 18 18 18 18 18 18 18 16 14 12 10 8 6 4 2 4 6 8 10 12 14 16 18 20 22 24 26 28 30 32 34 34 34 34 32 30 28 26 24 22 20 18 16 14 12 10 8 6 4 2 26 24 22 20 2 4 6 8 10 12 14 16 18 20 22 24 26 28 30 32 34 36 38 40 42 44 46 46 46 46 46 46 46 46 46 46 46 46 
0 2 4 6 8 10 12 14 16 18 20 20 20 20 20 20 20 20 18 16 14 12 10 8 6 4 2 4 6 8 10 12 14 16 18 20 22 24 26 28 30 32 32 32 32 32 32 30 28 26 24 22 20 18 16 14 12 10 8 6 4 2 26 24 22 20 2 4 6 8 10 12 14 16 18 20 22 24 26 28 30 32 34 36 38 40 42 44 44 44 44 44 44 44 44 44 44 44 44 44 
0 2 4 6 8 10 12 14 16 18 20 22 22 22 22 22 22 20 18 16 14 12 10 8 6 4 2 4 6 8 10 12 14 16 18 20 22 24 26 28 30 30 30 30 30 30 30 30 28 26 24 22 20 18 16 14 12 10 8 6 4 2 26 24 22 20 2 4 6 8 10 12 14 16 18 20 22 24 26 28 30 32 34 36 38 40 42 42 42 42 42 42 42 42 42 42 42 42 42 42 
0 2 4 6 8 10 12 14 16 18 20 22 24 24 24 24 22 20 18 16 14 12 10 8 6 4 2 4 6 8 10 12 14 16 18 20 22 24 26 28 28 28 28 28 28 28 28 28 28 26 24 22 20 18 16 14 12 10 8 6 4 2 26 24 22 20 2 4 6 8 10 12 14 16 18 20 22 24 26 28 30 32 34 36 38 40 40 40 40 40 40 40 40 40 40 40 40 40 40 40 
0 2 4 6 8 10 12 14 16 18 20 22 24 26 26 24 22 20 18 16 14 12 10 8 6 4 2 4 6 8 10 12 14 16 18 20 22 24 26 26 26 26 26 26 26 26 26 26 26 26 24 22 20 18 16 14 12 10 8 6 4 2 26 24 22 20 2 4 6 8 10 12 14 16 18 20 22 24 26 28 30 32 34 36 38 38 38 38 38 38 38 38 38 38 38 38 38 38 38 38 
0 2 4 6 8 10 12 14 16 18 20 22 24 26 26 24 22 20 18 16 14 12 10 8 6 4 2 4 6 8 10 12 14 16 18 20 22 24 24 24 24 24 24 24 24 24 24 24 24 24 24 22 20 18 16 14 12 10 8 6 4 2 26 24 22 20 2 4 6 8 10 12 14 16 18 20 22 24 26 28 30 32 34 36 36 36 36 36 36 36 36 36 36 36 36 36 36 36 36 36 
0 2 4 6 8 10 12 14 16 18 20 22 24 24 24 24 22 20 18 16 14 12 10 8 6 4 2 4 6 8 10 12 14 16 18 20 22 22 22 22 22 22 22 22 22 22 22 22 22 22 22 22 20 18 16 14 12 10 8 6 4 2 26 24 22 20 2 4 6 8 10 12 14 16 18 20 22 24 26 28 30 32 34 34 34 34 34 34 34 34 34 34 34 34 34 34 34 34 34 34 
0 2 4 6 8 10 12 14 16 18 20 22 22 22 22 22 22 20 18 16 14 12 10 8 6 4 2 4 6 8 10 12 14 16 18 20 20 20 20 20 20 20 20 20 20 20 20 20 20 20 20 20 20 18 16 14 12 10 8 6 4 2 26 24 22 20 2 4 6 8 10 12 14 16 18 20 22 24 26 28 30 32 32 32 32 32 32 32 32 32 32 32 32 32 32 32 32 32 32 32 
0 2 4 6 8 10 12 14 16 18 20 20 20 20 20 20 20 20 18 16 14 12 10 8 6 4 2 4 6 8 10 12 14 16 18 18 18 18 18 18 18 18 18 18 18 18 18 18 18 18 18 18 18 18 16 14 12 10 8 6 4 2 24 24 22 20 2 4 6 8 10 12 14 16 18 20 22 24 26 28 30 30 30 30 30 30 30 30 30 30 30 30 30 30 30 30 30 30 30 30 
0 2 4 6 8 10 12 14 16 18 18 18 18 18 18 18 18 18 18 16 14 12 10 8 6 4 2 4 6 8 10 12 14 16 16 16 16 16 16 16 16 16 16 16 16 16 16 16 16 16 16 16 16 16 16 14 12 10 8 6 4 2 22 22 22 20 2 4 6 8 10 12 14 16 18 20 22 24 26 28 28 28 28 28 28 28 28 28 28 28 28 28 28 28 28 28 28 28 28 28 
0 2 4 6 8 10 12 14 16 16 16 16 16 16 16 16 16 16 16 16 14 12 10 8 6 4 2 4 6 8 10 12 14 14 14 14 14 14 14 14 14 14 14 14 14 14 14 14 14 14 14 14 14 14 14 14 12 10 8 6 4 2 20 20 20 20 2 4 6 8 10 12 14 16 18 20 22 24 26 26 26 26 26 26 26 26 26 26 26 26 26 26 26 26 26 26 26 26 26 26 
0 2 4 6 8 10 12 14 14 14 14 14 14 14 14 14 14 14 14 14 14 12 10 8 6 4 2 4 6 8 10 12 12 12 12 12 12 12 12 12 12 12 12 12 12 12 12 12 12 12 12 12 12 12 12 12 12 10 8 6 4 2 18 18 18 18 2 4 6 8 10 12 14 16 18 20 22 24 24 24 24 24 24 24 24 24 24 24 24 24 24 24 24 24 24 24 24 24 24 24 
0 2 4 6 8 10 12 12 12 12 12 12 12 12 12 12 12 12 12 12 12 12 10 8 6 4 2 4 6 8 10 10 10 10 10 10 10 10 10 10 10 10 10 10 10 10 10 10 10 10 10 10 10 10 10 10 10 10 8 6 4 2 16 16 16 16 2 4 6 8 10 12 14 16 18 20 22 22 22 22 22 22 22 22 22 22 22 22 22 22 22 22 22 22 22 22 22 22 22 22 
0 2 4 6 8 10 10 10 10 10 10 10 10 10 10 10 10 10 10 10 10 10 10 8 6 4 2 4 6 8 8 8 8 8 8 8 8 8 8 8 8 8 8 8 8 8 8 8 8 8 8 8 8 8 8 8 8 8 8 6 4 2 14 14 14 14 2 4 6 8 10 12 14 16 18 20 20 20 20 20 20 20 20 20 20 20 20 20 20 20 20 20 20 20 20 20 20 20 20 20 
0 2 4 6 8 8 8 8 8 8 8 8 8 8 8 8 8 8 8 8 8 8 8 8 6 4 2 4 6 6 6 6 6 6 6 6 6 6 6 6 6 6 6 6 6 6 6 6 6 6 6 6 6 6 6 6 6 6 6 6 4 2 12 12 12 12 2 4 6 8 10 12 14 16 18 18 18 18 18 18 18 18 18 18 18 18 18 18 18 18 18 18 18 18 18 18 18 18 18 18 
0 2 4 6 6 6 6 6 6 6 6 6 6 6 6 6 6 6 6 6 6 6 6 6 6 4 2 4 4 4 4 4 4 4 4 4 4 4 4 4 1 1 1 1 1 1 1 1 1 1 1 1 1 1 4 4 4 4 4 4 4 2 10 10 10 10 2 4 6 8 10 12 14 16 16 16 16 16 16 16 16 16 16 16 16 16 16 16 16 16 16 16 16 16 16 16 16 16 16 16 
0 2 4 4 4 4 4 4 4 4 4 4 4 4 4 4 4 4 4 4 4 4 4 4 4 4 2 2 2 2 2 2 2 2 2 2 2 2 2 2 1 3 3 3 3 3 3 3 3 1 3 3 3 1 2 2 2 2 2 2 2 2 8 8 8 8 2 4 6 8 10 12 14 14 14 14 14 14 14 14 14 14 14 14 14 14 14 14 14 14 14 14 14 14 14 14 14 14 14 14 
0 2 2 2 2 2 2 2 2 2 2 2 2 2 2 2 2 2 2 2 2 2 2 2 2 2 2 6 6 6 6 6 6 6 6 6 6 6 6 6 1 3 5 5 5 5 5 5 3 1 5 5 3 1 6 6 6 6 6 6 6 6 6 6 6 6 2 4 6 8 10 12 12 12 12 12 12 12 12 12 12 12 12 12 12 12 12 12 12 12 12 12 12 12 12 12 12 12 12 12 
0 2 4 4 4 4 4 4 4 4 4 4 4 4 4 4 4 4 4 4 4 4 4 4 4 4 4 4 4 4 4 4 4 4 4 4 4 4 4 4 1 3 5 7 7 7 7 5 3 1 7 5 3 1 4 4 4 4 4 4 4 4 4 4 4 4 2 4 6 8 10 10 10 10 10 10 10 10 10 10 10 10 10 10 10 10 10 10 10 10 10 10 10 10 10 10 10 10 10 10 
0 2 2 2 2 2 2 2 2 2 2 2 2 2 2 2 2 2 2 2 2 2 2 2 2 2 2 2 2 2 2 2 2 2 2 2 2 2 2 2 1 3 5 7 9 9 7 5 3 1 7 5 3 1 2 2 2 2 2 2 2 2 2 2 2 14 2 4 6 8 8 8 8 8 8 8 8 8 8 8 8 8 8 8 8 8 8 8 8 8 8 8 8 8 8 8 8 8 8 8 
0 0 0 0 0 0 0 0 0 0 0 0 0 0 0 0 0 0 0 0 0 0 0 0 0 0 0 0 0 0 0 0 0 0 0 0 0 0 0 0 1 3 5 7 9 9 7 5 3 1 7 5 3 1 0 0 0 0 0 2 4 6 8 10 12 14 2 4 6 6 6 6 6 6 6 6 6 6 6 6 6 6 6 6 6 6 6 6 6 6 6 6 6 6 6 6 6 6 6 6 
0 0 0 0 0 0 0 0 0 0 0 0 0 0 0 0 0 0 0 0 0 0 0 0 0 0 0 0 0 0 0 0 0 0 0 0 0 0 0 0 1 3 5 7 7 7 7 5 3 1 7 5 3 1 0 0 0 0 0 2 4 6 8 10 12 14 2 4 4 4 4 4 4 4 4 4 4 4 4 4 4 4 4 4 4 4 4 4 4 4 4 4 4 4 4 4 4 4 4 4 
0 0 0 0 0 0 0 0 0 0 0 0 0 0 0 0 0 0 0 0 0 0 0 0 0 0 0 0 0 0 0 0 0 0 0 0 0 0 0 0 1 3 5 5 5 5 5 5 3 1 7 5 3 1 0 0 0 0 0 2 4 6 8 10 12 14 2 2 2 2 2 2 2 2 2 2 2 2 2 2 2 2 2 2 2 2 2 2 2 2 2 2 2 2 2 2 2 2 2 2 
0 0 0 0 0 0 0 0 0 0 0 0 0 0 0 0 0 0 0 0 0 0 0 0 0 0 0 0 0 0 0 0 0 0 0 0 0 0 0 0 1 3 3 3 3 3 3 3 3 1 7 5 3 1 0 0 0 0 0 2 4 6 8 10 12 14 14 14 14 14 14 14 14 14 14 14 14 14 14 14 14 14 14 14 14 14 14 14 14 14 14 14 14 14 14 14 14 14 14 14 
0 0 0 0 0 0 0 0 0 0 0 0 0 0 0 0 0 0 0 0 0 0 0 0 0 0 0 0 0 0 0 0 0 0 0 0 0 0 0 0 1 1 1 1 1 1 1 1 1 1 7 5 3 1 0 0 0 0 0 2 4 6 8 10 12 12 12 12 12 12 12 12 12 12 12 12 12 12 12 12 12 12 12 12 12 12 12 12 12 12 12 12 12 12 12 12 12 12 12 12 
0 0 0 0 0 0 0 0 0 0 0 0 0 0 0 0 1 1 1 1 1 1 1 1 1 1 0 0 0 0 0 0 0 0 0 0 0 0 0 0 1 3 5 7 7 7 7 7 7 7 7 5 3 1 0 0 0 0 0 2 4 6 8 10 10 10 10 10 10 10 10 10 10 10 10 10 10 10 10 10 10 10 10 10 10 10 10 10 10 10 10 10 10 10 10 10 10 10 10 10 
0 0 0 0 0 0 0 0 0 0 0 0 0 0 0 0 1 3 3 3 3 3 3 3 3 1 0 0 0 0 0 0 0 0 0 0 0 0 0 0 1 3 5 5 5 5 5 5 5 5 5 5 3 1 0 0 0 0 0 2 4 6 8 8 8 8 8 8 8 8 8 8 8 8 8 8 8 8 8 8 8 8 8 8 8 8 8 8 8 8 8 8 8 8 8 8 8 8 8 8 
0 0 0 0 0 0 0 0 0 0 0 0 0 0 0 0 1 3 5 5 5 5 5 5 3 1 0 0 0 0 0 0 0 0 0 0 0 0 0 0 1 3 3 3 3 3 3 3 3 3 3 3 3 1 0 0 0 0 0 2 4 6 6 6 6 6 6 6 6 6 6 6 6 6 6 6 6 6 6 6 6 6 6 6 6 6 6 6 6 6 6 6 6 6 6 6 6 6 6 6 
0 0 0 0 0 0 0 0 0 0 0 0 0 0 0 0 1 3 5 7 7 7 7 5 3 1 0 0 0 0 0 0 0 0 0 0 0 0 0 0 1 1 1 1 1 1 1 1 1 1 1 1 1 1 0 0 0 0 0 2 4 4 4 4 4 4 4 4 4 4 4 4 4 4 4 4 4 4 4 4 4 4 4 4 4 4 4 4 4 4 4 4 4 4 4 4 4 4 4 4 
0 0 0 0 0 0 0 0 0 0 0 0 0 0 0 0 1 3 5 7 9 9 7 5 3 1 0 0 0 0 0 0 0 0 0 0 0 0 0 0 0 0 0 0 0 0 0 0 0 0 0 0 0 0 0 0 0 0 0 2 2 2 2 2 2 2 2 2 2 2 2 2 2 2 2 2 2 2 2 2 2 2 2 2 2 2 2 2 2 2 2 2 2 2 2 2 2 2 2 2 
0 0 0 0 0 0 0 0 0 0 0 0 0 0 0 0 1 3 5 7 9 9 7 5 3 1 0 0 0 0 0 0 0 0 0 0 0 0 0 0 0 0 0 0 0 0 0 0 0 0 0 0 0 0 0 0 0 0 0 0 0 0 0 0 0 0 0 0 0 0 1 3 5 7 9 11 13 15 17 19 21 21 21 21 21 21 21 21 21 21 21 21 21 21 21 21 21 21 21 21 
0 0 0 0 0 0 0 0 0 0 0 0 0 0 0 0 1 3 5 7 7 7 7 5 3 1 0 0 0 0 0 0 0 0 0 0 0 0 0 0 0 0 0 0 0 0 0 0 0 0 0 0 0 0 0 0 0 0 0 0 0 0 0 0 0 0 0 0 0 0 1 3 5 7 9 11 13 15 17 19 19 19 19 19 19 19 19 19 19 19 19 19 19 19 19 19 19 19 19 19 
0 0 0 0 0 0 0 0 0 0 0 0 0 0 0 0 1 3 5 5 5 5 5 5 3 1 0 0 0 0 0 0 0 0 0 0 0 0 0 0 0 0 0 0 0 0 0 0 0 0 0 0 0 0 0 0 0 0 0 0 0 0 0 0 0 0 0 0 0 0 1 3 5 7 9 11 13 15 17 17 17 17 17 17 17 17 17 17 17 17 17 17 17 17 17 17 17 17 17 17 
0 0 0 0 0 0 0 0 0 0 0 0 0 0 0 0 1 3 3 3 3 3 3 3 3 1 0 0 0 0 0 0 0 0 0 0 0 0 0 0 0 0 0 0 0 0 0 0 0 0 0 0 0 0 0 0 0 0 0 0 0 0 0 0 0 0 0 0 0 0 1 3 5 7 9 11 13 15 15 15 15 15 15 15 15 15 15 15 15 15 15 15 15 15 15 15 15 15 15 15 
0 0 0 0 0 0 0 0 0 0 0 0 0 0 0 0 1 1 1 1 1 1 1 1 1 1 0 0 0 0 0 0 0 0 0 0 0 0 0 0 0 0 0 0 0 0 0 0 0 0 0 0 0 0 0 0 0 0 0 0 0 0 0 0 0 0 0 0 0 0 1 3 5 7 9 11 13 13 13 13 13 13 13 13 13 13 13 13 13 13 13 13 13 13 13 13 13 13 13 13 
0 0 0 0 0 0 0 0 0 0 0 0 0 0 0 0 0 0 0 0 0 0 0 0 0 0 0 0 0 0 0 0 0 0 0 0 0 0 0 0 0 0 0 0 0 0 0 0 0 0 0 0 0 0 0 0 0 0 0 0 0 0 0 0 0 0 0 0 0 0 1 3 5 7 9 11 11 11 11 11 11 11 11 11 11 11 11 11 11 11 11 11 11 11 11 11 11 11 11 11 
0 0 0 0 0 0 0 0 0 0 0 0 0 0 0 0 0 0 0 0 0 0 0 0 0 0 0 0 0 0 0 0 0 0 0 0 0 0 0 0 0 0 0 0 0 0 0 0 0 0 0 0 0 0 0 0 0 0 0 0 0 0 0 0 0 0 0 0 0 0 1 3 5 7 9 9 9 9 9 9 9 9 9 9 9 9 9 9 9 9 9 9 9 9 9 9 9 9 9 9 
0 0 0 0 0 0 0 0 0 0 0 0 0 0 0 0 0 0 0 0 0 0 0 0 0 0 0 0 0 0 0 0 0 0 0 0 0 0 0 0 0 0 0 0 0 0 0 0 0 0 0 0 0 0 0 0 0 0 0 0 0 0 0 0 0 0 0 0 0 0 1 3 5 7 7 7 7 7 7 7 7 7 7 7 7 7 7 7 7 7 7 7 7 7 7 7 7 7 7 7 
0 0 0 0 0 0 0 0 0 0 0 0 0 0 0 0 0 0 0 0 0 0 0 0 0 0 0 0 0 0 0 0 0 0 0 0 0 0 0 0 0 0 0 0 0 0 0 0 0 0 0 0 0 0 0 0 0 0 0 0 0 0 0 0 0 0 0 0 0 0 1 3 5 5 5 5 5 5 5 5 5 5 5 5 5 5 5 5 5 5 5 5 5 5 5 5 5 5 5 5 
0 0 0 0 0 0 0 0 0 0 0 0 0 0 0 0 0 0 0 0 0 0 0 0 0 0 0 0 0 0 0 0 0 0 0 0 0 0 0 0 0 0 0 0 0 0 0 0 0 0 0 0 0 0 0 0 0 0 0 0 0 0 0 0 0 0 0 0 0 0 1 3 3 3 3 3 3 3 3 3 3 3 3 3 3 3 3 3 3 3 3 3 3 3 3 3 3 3 3 3 
