0 0 45 0 0 0 0 0 0 0 0 0 0 0 0 0 0 0 0 0 0 0 0 0 0 0 0 0 0 0 0 0 0 0 0 0 0 0 0 0 0 0 0 0 0 0 0 0 0 0 0 0 0 0 0 0 0 0 0 0 0 0 0 0 0 0 0 0 0 0 0 0 0 0 0 0 0 0 0 0 0 0 0 0 0 0 0 0 0 0 0 0 0 0 0 0 0 0 0 0 
0 41 41 41 39 37 35 33 31 29 27 25 23 21 19 17 15 13 11 9 7 5 3 1 56 58 60 62 64 66 68 70 72 72 72 72 70 68 66 64 62 60 58 56 54 52 50 48 46 44 42 40 38 36 34 32 30 28 26 24 5 5 5 5 5 5 5 5 5 5 5 5 3 1 19 19 19 19 19 19 19 19 19 19 17 15 13 11 9 7 5 3 1 0 0 0 0 0 0 0 
0 39 39 39 39 37 35 33 31 29 27 25 23 21 19 17 15 13 11 9 7 5 3 1 56 58 60 62 64 66 68 70 72 74 74 72 70 68 66 64 62 60 58 56 54 52 50 48 46 44 42 40 38 36 34 32 30 28 26 7 7 7 7 7 7 7 7 7 7 7 7 5 3 1 21 21 21 21 21 21 21 21 21 19 17 15 13 11 9 7 5 3 1 0 0 0 0 0 0 0 
0 37 37 37 37 37 35 33 31 29 27 25 23 21 19 17 15 13 11 9 7 5 3 1 56 58 60 62 64 66 68 70 72 74 74 72 70 68 66 64 62 60 58 56 54 52 50 48 46 44 42 40 38 36 34 32 30 28 26 9 9 9 9 9 9 9 9 9 9 9 7 5 3 1 23 23 23 23 23 23 23 23 21 19 17 15 13 11 9 7 5 3 1 0 0 0 0 0 0 0 
0 35 35 35 35 35 35 33 31 29 27 25 23 21 19 17 15 13 11 9 7 5 3 1 56 58 60 62 64 66 68 70 72 72 72 72 70 68 66 64 62 60 58 56 54 52 50 48 46 44 42 40 38 36 34 32 30 28 26 11 11 11 11 11 11 11 11 11 11 9 7 5 3 1 25 25 25 25 25 25 25 23 21 19 17 15 13 11 9 7 5 3 1 0 0 0 0 0 0 0 
0 33 33 33 33 33 33 33 31 29 27 25 23 21 19 17 15 13 11 9 7 5 3 1 56 58 60 62 64 66 68 70 70 70 70 70 70 68 66 64 62 60 58 56 54 52 50 48 46 44 42 40 38 36 34 32 30 28 26 11 13 13 13 13 13 13 13 13 11 9 7 5 3 1 27 27 27 27 27 27 25 23 21 19 17 15 13 11 9 7 5 3 1 0 0 0 0 0 0 0 
0 31 31 31 31 31 31 31 31 29 27 25 23 21 19 17 15 13 11 9 7 5 3 1 56 58 60 62 64 66 68 68 68 68 68 68 68 68 66 64 62 60 58 56 54 52 50 48 46 44 42 40 38 36 34 32 30 28 26 11 13 15 15 15 15 15 15 13 11 9 7 5 3 1 29 29 29 29 29 27 25 23 21 19 17 15 13 11 9 7 5 3 1 0 0 0 0 0 0 0 
0 29 29 29 29 29 29 29 29 29 27 25 23 21 19 17 15 13 11 9 7 5 3 1 56 58 60 62 64 66 66 66 66 66 66 66 66 66 66 64 62 60 58 56 54 52 50 48 46 44 42 40 38 36 34 32 30 28 26 11 13 15 17 17 17 17 15 13 11 9 7 5 3 1 31 31 31 31 29 27 25 23 21 19 17 15 13 11 9 7 5 3 1 0 0 0 0 0 0 0 
0 27 27 27 27 27 27 27 27 27 27 25 23 21 19 17 15 13 11 9 7 5 3 1 56 58 60 62 64 64 64 64 64 64 64 64 64 64 64 64 62 60 58 56 54 52 50 48 46 44 42 40 38 36 34 32 30 28 26 11 13 15 17 19 19 17 15 13 11 9 7 5 3 1 33 33 33 31 29 27 25 23 21 19 17 15 13 11 9 7 5 3 1 0 0 0 0 0 0 0 
0 25 25 25 25 25 25 25 25 25 25 25 23 21 19 17 15 13 11 9 7 5 3 1 56 58 60 62 62 62 62 62 62 62 62 62 62 62 62 62 62 60 58 56 54 52 50 48 46 44 42 40 38 36 34 32 30 28 26 11 13 15 17 19 19 17 15 13 11 9 7 5 3 1 35 35 33 31 29 27 25 23 21 19 17 15 13 11 9 7 5 3 1 0 0 0 0 0 0 0 
0 23 23 23 23 23 23 23 23 23 23 23 23 21 19 17 15 13 11 9 7 5 3 1 56 58 60 60 60 60 60 60 60 60 60 60 60 60 60 60 60 60 58 56 54 52 50 48 46 44 42 40 38 36 34 32 30 28 26 11 13 15 17 17 17 17 15 13 11 9 7 5 3 1 37 35 33 31 29 27 25 23 21 19 17 15 13 11 9 7 5 3 1 0 0 0 0 0 0 0 
0 21 21 21 21 21 21 21 21 21 21 21 21 21 19 17 15 13 11 9 7 5 3 1 56 58 58 58 58 58 58 58 58 58 58 58 58 58 58 58 58 58 58 56 54 52 50 48 46 44 42 40 38 36 34 32 30 28 26 11 13 15 15 15 15 15 15 13 11 9 7 5 3 1 37 35 33 31 29 27 25 23 21 19 17 15 13 11 9 7 5 3 1 0 0 0 0 0 0 0 
0 19 19 19 19 19 19 19 19 19 19 19 19 19 19 17 15 13 11 9 7 5 3 1 56 56 56 56 56 56 56 56 56 56 56 56 56 56 56 56 56 56 56 56 54 52 50 48 46 44 42 40 38 36 34 32 30 28 26 11 13 13 13 13 13 13 13 13 11 9 7 5 3 1 37 35 33 31 29 27 25 23 21 19 17 15 13 11 9 7 5 3 1 0 0 0 0 0 0 0 
0 17 17 17 17 17 17 17 17 17 17 17 17 17 17 17 15 13 11 9 7 5 3 1 54 54 54 54 54 54 54 54 54 54 54 54 54 54 54 54 54 54 54 54 54 52 50 48 46 44 42 40 38 36 34 32 30 28 26 11 11 11 11 11 11 11 11 11 11 9 7 5 3 1 37 35 33 31 29 27 25 23 21 19 17 15 13 11 9 7 5 3 1 0 0 0 0 0 0 0 
0 15 15 15 15 15 15 15 15 15 15 15 15 15 15 15 15 13 11 9 7 5 3 1 52 52 52 52 52 52 52 52 52 52 52 52 52 52 52 52 52 52 52 52 52 52 50 48 46 44 42 40 38 36 34 32 30 28 26 9 9 9 9 9 9 9 9 9 9 9 7 5 3 1 37 35 33 31 29 27 25 23 21 19 17 15 13 11 9 7 5 3 1 0 0 0 0 0 0 0 
0 13 13 13 13 13 13 13 13 13 13 13 13 13 13 13 13 13 11 9 7 5 3 1 50 50 50 50 50 50 50 50 50 50 50 50 50 50 50 50 50 50 50 50 50 50 50 48 46 44 42 40 38 36 34 32 30 28 26 24 7 7 7 7 7 7 7 7 7 7 7 5 3 1 37 35 33 31 29 27 25 23 21 19 17 15 13 11 9 7 5 3 1 0 0 0 0 0 0 0 
0 11 11 11 11 11 11 11 11 11 11 11 11 11 11 11 11 11 11 9 7 5 3 1 48 48 48 48 48 48 48 48 48 48 48 48 48 48 48 48 48 48 48 48 48 48 48 48 46 44 42 40 38 36 34 32 30 28 26 24 5 5 5 5 5 5 5 5 5 5 5 5 3 1 37 35 33 31 29 27 25 23 21 19 17 15 13 11 9 7 5 3 1 0 0 0 0 0 0 0 
0 9 9 9 9 9 9 9 9 9 9 9 9 9 9 9 9 9 9 9 7 5 3 1 46 46 46 46 46 46 46 46 46 46 46 46 46 46 46 46 46 46 46 46 46 46 46 46 46 44 42 40 38 36 34 32 30 28 26 24 3 3 3 3 3 3 3 3 3 3 3 3 3 1 37 35 33 31 29 27 25 23 21 19 17 15 13 11 9 7 5 3 1 0 0 0 0 0 0 0 
0 7 7 7 7 7 7 7 7 7 7 7 7 7 7 7 7 7 7 7 7 5 3 1 44 44 44 44 44 44 44 44 44 44 44 44 44 44 44 44 44 44 44 44 44 44 44 44 44 44 42 40 38 36 34 32 30 28 26 24 1 1 1 1 1 1 1 1 1 1 1 1 1 1 37 35 33 31 29 27 25 23 21 19 17 15 13 11 9 7 5 3 1 0 0 0 0 0 0 0 
0 5 5 5 5 5 5 5 5 5 5 5 5 5 5 5 5 5 5 5 5 5 3 1 42 42 42 42 42 42 42 42 42 42 42 42 42 42 42 42 42 42 42 42 42 42 42 42 42 42 42 40 38 36 34 32 30 28 26 24 22 20 18 16 14 55 53 51 49 47 45 43 41 39 37 35 33 31 29 27 25 23 21 19 17 15 13 11 9 7 5 3 1 0 0 0 0 0 0 0 
0 3 3 3 3 3 3 3 3 3 3 3 3 3 3 3 3 3 3 3 3 3 3 1 40 40 40 40 40 40 40 40 40 40 40 40 40 40 40 40 40 40 40 40 40 40 40 40 40 40 40 40 38 36 34 32 30 28 26 24 22 20 18 16 14 55 53 51 49 47 45 43 41 39 37 35 33 31 29 27 25 23 21 19 17 15 13 11 9 7 5 3 1 0 0 0 0 0 0 0 
0 1 1 1 1 1 1 1 1 1 1 1 1 1 1 1 1 1 1 1 1 1 1 1 38 38 38 38 38 38 38 38 38 38 38 38 38 38 38 38 38 38 38 38 38 38 38 38 38 38 38 38 38 36 34 32 30 28 26 24 22 20 18 16 14 55 53 51 49 47 45 43 41 39 37 35 33 31 29 27 25 23 21 19 17 15 13 11 9 7 5 3 1 0 0 0 0 0 0 0 
0 10 12 14 16 18 20 22 24 26 28 30 32 34 36 36 36 36 36 36 36 36 36 36 36 36 36 36 36 36 36 36 36 36 36 36 36 36 36 36 36 36 36 36 36 36 36 36 36 36 36 36 36 36 34 32 30 28 26 24 22 20 18 16 14 55 53 51 49 47 45 43 41 39 37 35 33 31 29 27 25 23 21 19 17 15 13 11 9 7 5 3 1 0 0 0 0 0 0 0 
0 10 12 14 16 18 20 22 24 26 28 30 32 34 34 34 34 34 34 34 34 34 34 34 34 34 34 34 34 34 34 34 34 34 34 34 34 34 34 34 34 34 34 34 34 34 34 34 34 34 34 34 34 34 34 32 30 28 26 24 22 20 18 16 14 53 53 51 49 47 45 43 41 39 37 35 33 31 29 27 25 23 21 19 17 15 13 11 9 7 5 3 1 0 0 0 0 0 0 0 
0 10 12 14 16 18 20 22 24 26 28 30 32 32 32 32 32 32 32 32 32 32 32 32 32 32 32 32 32 32 32 32 32 32 32 32 32 32 32 32 32 32 32 32 32 32 32 32 32 32 32 32 32 32 32 32 30 28 26 24 22 20 18 16 14 51 51 51 49 47 45 43 41 39 37 35 33 31 29 27 25 23 21 19 17 15 13 11 9 7 5 3 1 0 0 0 0 0 0 0 
0 10 12 14 16 18 20 22 24 26 28 30 30 30 30 30 30 30 30 30 30 30 30 30 30 30 30 30 30 30 30 30 30 30 30 30 30 30 30 30 30 30 30 30 30 30 30 30 30 30 30 30 30 30 30 30 30 28 26 24 22 20 18 16 14 49 49 49 49 47 45 43 41 39 37 35 33 31 29 27 25 23 21 19 17 15 13 11 9 7 5 3 1 0 0 0 0 0 0 0 
0 10 12 14 16 18 20 22 24 26 28 28 28 28 28 28 28 28 28 28 28 28 28 28 28 28 28 28 28 28 28 28 28 28 28 28 28 28 28 28 28 28 28 28 28 28 28 28 28 28 28 28 28 28 28 28 28 28 26 24 22 20 18 16 14 47 47 47 47 47 45 43 41 39 37 35 33 31 29 27 25 23 21 19 17 15 13 11 9 7 5 3 1 0 0 0 0 0 0 0 
0 1 1 1 1 1 1 1 1 1 1 1 1 1 1 1 1 1 1 1 1 1 1 1 1 1 1 1 1 1 1 1 1 1 1 1 1 1 1 1 1 1 1 1 1 1 1 1 1 1 1 26 26 26 26 26 26 26 26 24 22 20 18 16 14 45 45 45 45 45 45 43 41 39 37 35 33 31 29 27 25 23 21 19 17 15 13 11 9 7 5 3 1 0 0 0 0 0 0 0 
0 3 3 3 3 3 3 3 3 3 3 3 3 3 3 3 3 3 3 3 3 3 3 3 3 3 3 3 3 3 3 3 3 3 3 3 3 3 3 3 3 3 3 3 3 3 3 3 3 3 1 24 24 24 24 24 24 24 24 24 22 20 18 16 14 43 43 43 43 43 43 43 41 39 37 35 33 31 29 27 25 23 21 19 17 15 13 11 9 7 5 3 1 0 0 0 0 0 0 0 
0 5 5 5 5 5 5 5 5 5 5 5 5 5 5 5 5 5 5 5 5 5 5 5 5 5 5 5 5 5 5 5 5 5 5 5 5 5 5 5 5 5 5 5 5 5 5 5 5 3 1 22 22 22 22 22 22 22 22 22 22 20 18 16 14 41 41 41 41 41 41 41 41 39 37 35 33 31 29 27 25 23 21 19 17 15 13 11 9 7 5 3 1 0 0 0 0 0 0 0 
0 7 7 7 7 7 7 7 7 7 7 7 7 7 7 7 7 7 7 7 7 7 7 7 7 7 7 7 7 7 7 7 7 7 7 7 7 7 7 7 7 7 7 7 7 7 7 7 5 3 1 20 20 20 20 20 20 20 20 20 20 20 18 16 14 39 39 39 39 39 39 39 39 39 37 35 33 31 29 27 25 23 21 19 17 15 13 11 9 7 5 3 1 0 0 0 0 0 0 0 
0 9 9 9 9 9 9 9 9 9 9 9 9 9 9 9 9 9 9 9 9 9 9 9 9 9 9 9 9 9 9 9 9 9 9 9 9 9 9 9 9 9 9 9 9 9 9 7 5 3 1 18 18 18 18 18 18 18 18 18 18 18 18 16 14 37 37 37 37 37 37 37 37 37 37 35 33 31 29 27 25 23 21 19 17 15 13 11 9 7 5 3 1 0 0 0 0 0 0 0 
0 11 11 11 11 11 11 11 11 11 11 11 11 11 11 11 11 11 11 11 11 11 11 11 11 11 11 11 11 11 11 11 11 11 11 11 11 11 11 11 11 11 11 11 11 11 9 7 5 3 1 16 16 16 16 16 16 16 16 16 16 16 16 16 14 12 35 35 35 35 35 35 35 35 35 35 33 31 29 27 25 23 21 19 17 15 13 11 9 7 5 3 1 0 0 0 0 0 0 0 
0 13 13 13 13 13 13 13 13 13 13 13 13 13 13 13 13 13 13 13 13 13 13 13 13 13 13 13 13 13 13 13 13 13 13 13 13 13 13 13 13 13 13 13 13 11 9 7 5 3 1 14 14 14 14 14 14 14 14 14 14 14 14 14 14 12 33 33 33 33 33 33 33 33 33 33 33 31 29 27 25 23 21 19 17 15 13 11 9 7 5 3 1 0 0 0 0 0 0 0 
0 15 15 15 15 15 15 15 15 15 15 15 15 15 15 15 15 15 15 15 15 15 15 15 15 15 15 15 15 15 15 15 15 15 15 15 15 15 15 15 15 15 15 15 13 11 9 7 5 3 1 12 12 12 12 12 12 12 12 12 12 12 12 12 12 12 31 31 31 31 31 31 31 31 31 31 31 31 29 27 25 23 21 19 17 15 13 11 9 7 5 3 1 0 0 0 0 0 0 0 
0 17 17 17 17 17 17 17 17 17 17 17 17 17 17 17 17 17 17 17 17 17 17 17 17 17 17 17 17 17 17 17 17 17 17 17 17 17 17 17 17 17 17 15 13 11 9 7 5 3 1 29 29 29 29 29 29 29 29 29 29 29 29 29 29 29 29 29 29 29 29 29 29 29 29 29 29 29 29 27 25 23 21 19 17 15 13 11 9 7 5 3 1 0 0 0 0 0 0 0 
0 19 19 19 19 19 19 19 19 19 19 19 19 19 19 19 19 19 19 19 19 19 19 19 19 19 19 19 19 19 19 19 19 19 19 19 19 19 19 19 19 19 17 15 13 11 9 7 5 3 1 27 27 27 27 27 27 27 27 27 27 27 27 27 27 27 27 27 27 27 27 27 27 27 27 27 27 27 27 27 25 23 21 19 17 15 13 11 9 7 5 3 1 0 0 0 0 0 0 0 
0 21 21 21 21 21 21 21 21 21 21 21 21 21 21 21 21 21 21 21 21 21 21 21 21 21 21 21 21 21 21 21 21 21 21 21 21 21 21 21 21 19 17 15 13 11 9 7 5 3 1 25 25 25 25 25 25 25 25 25 25 25 25 25 25 25 25 25 25 25 25 25 25 25 25 25 25 25 25 25 25 23 21 19 17 15 13 11 9 7 5 3 1 0 0 0 0 0 0 0 
0 23 23 23 23 23 23 23 23 23 23 23 23 23 23 23 23 23 23 23 23 23 23 23 23 23 23 23 23 23 23 23 23 23 23 23 23 23 23 23 21 19 17 15 13 11 9 7 5 3 1 23 23 23 23 23 23 23 23 23 23 23 23 23 23 23 23 23 23 23 23 23 23 23 23 23 23 23 23 23 23 23 21 19 17 15 13 11 9 7 5 3 1 2 2 2 2 2 2 2 
0 25 25 25 25 25 25 25 25 25 25 25 25 25 25 25 25 25 25 25 25 25 25 25 25 25 25 25 25 25 25 25 25 25 25 25 25 25 25 23 21 19 17 15 13 11 9 7 5 3 1 1 1 1 1 1 1 1 1 1 1 1 1 1 1 1 1 1 1 1 1 1 1 1 1 1 1 1 1 1 1 1 1 1 1 1 1 1 1 1 1 3 1 4 4 4 4 4 4 4 
0 27 27 27 27 27 27 27 27 27 27 27 27 27 27 27 27 27 27 27 27 27 27 27 27 27 27 27 27 27 27 27 27 27 27 27 27 27 25 23 21 19 17 15 13 11 9 7 5 3 1 3 3 3 3 3 3 3 3 3 3 3 3 3 3 3 3 3 3 3 3 3 3 3 3 3 3 3 3 3 3 3 3 3 3 3 3 3 3 3 1 3 1 6 6 6 6 6 6 6 
0 29 29 29 29 29 29 29 29 29 29 29 29 29 29 29 29 29 29 29 29 29 29 29 29 29 29 29 29 29 29 29 29 29 29 29 29 27 25 23 21 19 17 15 13 11 9 7 5 3 1 5 5 5 5 5 5 5 5 5 5 5 5 5 5 5 5 5 5 5 5 5 5 5 5 5 5 5 5 5 5 5 5 5 5 5 5 5 5 3 1 3 1 8 8 8 8 8 8 8 
0 31 31 31 31 31 31 31 31 31 31 31 31 31 31 31 31 31 31 31 31 31 31 31 31 31 31 31 31 31 31 31 31 31 31 31 29 27 25 23 21 19 17 15 13 11 9 7 5 3 1 7 7 7 7 7 7 7 7 7 7 7 7 7 7 7 7 7 7 7 7 7 7 7 7 7 7 7 7 7 7 7 7 7 7 7 7 7 5 3 1 3 1 10 10 10 10 10 10 8 
0 33 33 33 33 33 33 33 33 33 33 33 33 33 33 33 33 33 33 33 33 33 33 33 33 33 33 33 33 33 33 33 33 33 33 31 29 27 25 23 21 19 17 15 13 11 9 7 5 3 1 9 9 9 9 9 9 9 9 9 9 9 9 9 9 9 9 9 9 9 9 9 9 9 9 9 9 9 9 9 9 9 9 9 9 9 9 7 5 3 1 3 1 12 12 12 12 12 10 8 
0 35 35 35 35 35 35 35 35 35 35 35 35 35 35 35 35 35 35 35 35 35 35 35 35 35 35 35 35 35 35 35 35 35 33 31 29 27 25 23 21 19 17 15 13 11 9 7 5 3 1 11 11 11 11 11 11 11 11 11 11 11 11 11 11 11 11 11 11 11 11 11 11 11 11 11 11 11 11 11 11 11 11 11 11 11 9 7 5 3 1 3 1 14 14 14 14 12 10 8 
0 37 37 37 37 37 37 37 37 37 37 37 37 37 37 37 37 37 37 37 37 37 37 37 37 37 37 37 37 37 37 37 37 35 33 31 29 27 25 23 21 19 17 15 13 11 9 7 5 3 1 13 13 13 13 13 13 13 13 13 13 13 13 13 13 13 13 13 13 13 13 13 13 13 13 13 13 13 13 13 13 13 13 13 13 11 9 7 5 3 1 3 1 16 16 16 14 12 10 8 
0 39 39 39 39 39 39 39 39 39 39 39 39 39 39 39 39 39 39 39 39 39 39 39 39 39 39 39 39 39 39 39 37 35 33 31 29 27 25 23 21 19 17 15 13 11 9 7 5 3 1 15 15 15 15 15 15 15 15 15 15 15 15 15 15 15 15 15 15 15 15 15 15 15 15 15 15 15 15 15 15 15 15 15 13 11 9 7 5 3 1 3 1 18 18 16 14 12 10 8 
0 41 41 41 41 41 41 41 41 41 41 41 41 41 41 41 41 41 41 41 41 41 41 41 41 41 41 41 41 41 41 39 37 35 33 31 29 27 25 23 21 19 17 15 13 11 9 7 5 3 1 17 17 17 17 17 17 17 17 17 17 17 17 17 17 17 17 17 17 17 17 17 17 17 17 17 17 17 17 17 17 17 17 15 13 11 9 7 5 3 1 3 1 20 18 16 14 12 10 8 
0 41 43 43 43 43 43 43 43 43 43 43 43 43 43 43 43 43 43 43 43 43 43 43 43 43 43 43 43 43 41 39 37 35 33 31 29 27 25 23 21 19 17 15 13 11 9 7 5 3 1 19 19 19 19 19 19 19 19 19 19 19 19 19 19 19 19 19 19 19 19 19 19 19 19 19 19 19 19 19 19 19 17 15 13 11 9 7 5 3 1 3 1 20 18 16 14 12 10 8 
0 41 43 45 45 45 45 45 45 45 45 45 45 45 45 45 45 45 45 45 45 45 45 45 45 45 45 45 45 43 41 39 37 35 33 31 29 27 25 23 21 19 17 15 13 11 9 7 5 3 1 21 21 21 21 21 21 21 21 21 21 21 21 21 21 21 21 21 21 21 21 21 21 21 21 21 21 21 21 21 21 19 17 15 13 11 9 7 5 3 1 1 1 20 18 16 14 12 10 8 
0 41 43 45 47 47 47 47 47 47 47 47 47 47 47 47 47 47 47 47 47 47 47 47 47 47 47 47 45 43 41 39 37 35 33 31 29 27 25 23 21 19 17 15 13 11 9 7 5 3 1 23 23 23 23 23 23 23 23 23 23 23 23 23 23 23 23 23 23 23 23 23 23 23 23 23 23 23 23 23 21 19 17 15 13 11 9 7 5 3 1 24 22 20 18 16 14 12 10 8 
0 41 43 45 47 49 49 49 49 49 49 49 49 49 49 49 49 49 49 49 49 49 49 49 49 49 49 47 45 43 41 39 37 35 33 31 29 27 25 23 21 19 17 15 13 11 9 7 5 3 1 25 25 25 25 25 25 25 25 25 25 25 25 25 25 25 25 25 25 25 25 25 25 25 25 25 25 25 25 23 21 19 17 15 13 11 9 7 5 3 1 24 22 20 18 16 14 12 10 8 
0 41 43 45 47 49 51 51 51 51 51 51 51 51 51 51 51 51 51 51 51 51 51 51 51 51 49 47 45 43 41 39 37 35 33 31 29 27 25 23 21 19 17 15 13 11 9 7 5 3 1 27 27 27 27 27 27 27 27 27 27 27 27 27 27 27 27 27 27 27 27 27 27 27 27 27 27 27 25 23 21 19 17 15 13 11 9 7 5 3 1 24 22 20 18 16 14 12 10 8 
0 41 43 45 47 49 51 53 53 53 53 53 53 53 53 53 53 53 53 53 53 53 53 53 53 51 49 47 45 43 41 39 37 35 33 31 29 27 25 23 21 19 17 15 13 11 9 7 5 3 1 29 29 29 29 29 29 29 29 29 29 29 29 29 29 29 29 29 29 29 29 29 29 29 29 29 29 27 25 23 21 19 17 15 13 11 9 7 5 3 1 24 22 20 18 16 14 12 10 8 
0 41 43 45 47 49 51 53 55 55 55 55 55 55 55 55 55 55 55 55 55 55 55 55 53 51 49 47 45 43 41 39 37 35 33 31 29 27 25 23 21 19 17 15 13 11 9 7 5 3 1 31 31 31 31 31 31 31 31 31 31 31 31 31 31 31 31 31 31 31 31 31 31 31 31 31 29 27 25 23 21 19 17 15 13 11 9 7 5 3 1 24 22 20 18 16 14 12 10 8 
0 41 43 45 47 49 51 53 55 57 57 57 57 57 57 57 57 57 57 57 57 57 57 55 53 51 49 47 45 43 41 39 37 35 33 31 29 27 25 23 21 19 17 15 13 11 9 7 5 3 1 33 33 33 33 33 33 33 33 33 33 33 33 33 33 33 33 33 33 33 33 33 33 33 33 31 29 27 25 23 21 19 17 15 13 11 9 7 5 3 1 22 22 20 18 16 14 12 10 8 
0 41 43 45 47 49 51 53 55 57 59 59 59 59 59 59 59 59 59 59 59 59 57 55 53 51 49 47 45 43 41 39 37 35 33 31 29 27 25 23 21 19 17 15 13 11 9 7 5 3 1 35 35 35 35 35 35 35 35 35 35 35 35 35 35 35 35 35 35 35 35 35 35 35 33 31 29 27 25 23 21 19 17 15 13 11 9 7 5 3 1 20 20 20 18 16 14 12 10 8 
0 41 43 45 47 49 51 53 55 57 59 61 61 61 61 61 61 61 61 61 61 59 57 55 53 51 49 47 45 43 41 39 37 35 33 31 29 27 25 23 21 19 17 15 13 11 9 7 5 3 1 37 37 37 37 37 37 37 37 37 37 37 37 37 37 37 37 37 37 37 37 37 37 35 33 31 29 27 25 23 21 19 17 15 13 11 9 7 5 3 1 18 18 18 18 16 14 12 10 8 
0 41 43 45 47 49 51 53 55 57 59 61 63 63 63 63 63 63 63 63 61 59 57 55 53 51 49 47 45 43 41 39 37 35 33 31 29 27 25 23 21 19 17 15 13 11 9 7 5 3 1 39 39 39 39 39 39 39 39 39 39 39 39 39 39 39 39 39 39 39 39 39 37 35 33 31 29 27 25 23 21 19 17 15 13 11 9 7 5 3 1 16 16 16 16 16 14 12 10 8 
0 41 43 45 47 49 51 53 55 57 59 61 63 65 65 65 65 65 65 63 61 59 57 55 53 51 49 47 45 43 41 39 37 35 33 31 29 27 25 23 21 19 17 15 13 11 9 7 5 3 1 41 41 41 41 41 41 41 41 41 41 41 41 41 41 41 41 41 41 41 41 39 37 35 33 31 29 27 25 23 21 19 17 15 13 11 9 7 5 3 1 14 14 14 14 14 14 12 10 8 
0 41 43 45 47 49 51 53 55 57 59 61 63 65 67 67 67 67 65 63 61 59 57 55 53 51 49 47 45 43 41 39 37 35 33 31 29 27 25 23 21 19 17 15 13 11 9 7 5 3 1 43 43 43 43 43 43 43 43 43 43 43 43 43 43 43 43 43 43 43 41 39 37 35 33 31 29 27 25 23 21 19 17 15 13 11 9 7 5 3 1 12 12 12 12 12 12 12 10 8 
0 41 43 45 47 49 51 53 55 57 59 61 63 65 67 69 69 67 65 63 61 59 57 55 53 51 49 47 45 43 41 39 37 35 33 31 29 27 25 23 21 19 17 15 13 11 9 7 5 3 1 45 45 45 45 45 45 45 45 45 45 45 45 45 45 45 45 45 45 43 41 39 37 35 33 31 29 27 25 23 21 19 17 15 13 11 9 7 5 3 1 10 10 10 10 10 10 10 10 8 
0 41 43 45 47 49 51 53 55 57 59 61 63 65 67 69 69 67 65 63 61 59 57 55 53 51 49 47 45 43 41 39 37 35 33 31 29 27 25 23 21 19 17 15 13 11 9 7 5 3 1 47 47 47 47 47 47 47 47 47 47 47 47 47 47 47 47 47 45 43 41 39 37 35 33 31 29 27 25 23 21 19 17 15 13 11 9 7 5 3 1 8 8 8 8 8 8 8 8 8 
0 41 43 45 47 49 51 53 55 57 59 61 63 65 67 67 67 67 65 63 61 59 57 55 53 51 49 47 45 43 41 39 37 35 33 31 29 27 25 23 21 19 17 15 13 11 9 7 5 3 1 49 49 49 49 49 49 49 49 49 49 49 49 49 49 49 49 47 45 43 41 39 37 35 33 31 29 27 25 23 21 19 17 15 13 11 9 7 5 3 1 6 6 6 6 6 6 6 6 6 
0 41 43 45 47 49 51 53 55 57 59 61 63 65 65 65 65 65 65 63 61 59 57 55 53 51 49 47 45 43 41 39 37 35 33 31 29 27 25 23 21 19 17 15 13 11 9 7 5 3 1 49 51 51 51 51 51 51 51 51 51 51 51 51 51 51 49 47 45 43 41 39 37 35 33 31 29 27 25 23 21 19 17 15 13 11 9 7 5 3 1 4 4 4 4 4 4 4 4 4 
0 41 43 45 47 49 51 53 55 57 59 61 63 63 63 63 63 63 63 63 61 59 57 55 53 51 49 47 45 43 41 39 37 35 33 31 29 27 25 23 21 19 17 15 13 11 9 7 5 3 1 49 51 53 53 53 53 53 53 53 53 53 53 53 53 51 49 47 45 43 41 39 37 35 33 31 29 27 25 23 21 19 17 15 13 11 9 7 5 3 1 2 2 2 2 2 2 2 2 2 
0 41 43 45 47 49 51 53 55 57 59 61 61 61 61 61 61 61 61 61 61 59 57 55 53 51 49 47 45 43 41 39 37 35 33 31 29 27 25 23 21 19 17 15 13 11 9 7 5 3 1 49 51 53 55 55 55 55 55 55 55 55 55 55 53 51 49 47 45 43 41 39 37 35 33 31 29 27 25 23 21 19 17 15 13 11 9 7 5 3 1 24 24 24 24 24 24 24 24 24 
0 41 43 45 47 49 51 53 55 57 59 59 59 59 59 59 59 59 59 59 59 59 57 55 53 51 49 47 45 43 41 39 37 35 33 31 29 27 25 23 21 19 17 15 13 11 9 7 5 3 1 49 51 53 55 57 57 57 57 57 57 57 57 55 53 51 49 47 45 43 41 39 37 35 33 31 29 27 25 23 21 19 17 15 13 11 9 7 5 3 1 22 22 22 22 22 22 22 22 22 
0 41 43 45 47 49 51 53 55 57 57 57 57 57 57 57 57 57 57 57 57 57 57 55 53 51 49 47 45 43 41 39 37 35 33 31 29 27 25 23 21 19 17 15 13 11 9 7 5 3 1 49 51 53 55 57 59 59 59 59 59 59 57 55 53 51 49 47 45 43 41 39 37 35 33 31 29 27 25 23 21 19 17 15 13 11 9 7 5 3 1 1 1 1 1 1 1 1 1 1 
0 41 43 45 47 49 51 53 55 55 55 55 55 55 55 55 55 55 55 55 55 55 55 55 53 51 49 47 45 43 41 39 37 35 33 31 29 27 25 23 21 19 17 15 13 11 9 7 5 3 1 49 51 53 55 57 59 61 61 61 61 59 57 55 53 51 49 47 45 43 41 39 37 35 33 31 29 27 25 23 21 19 17 15 13 11 9 7 5 3 1 3 3 3 3 3 3 3 3 3 
0 41 43 45 47 49 51 53 53 53 53 53 53 53 53 53 53 53 53 53 53 53 53 53 53 51 49 47 45 43 41 39 37 35 33 31 29 27 25 23 21 19 17 15 13 11 9 7 5 3 1 49 51 53 55 57 59 61 63 63 61 59 57 55 53 51 49 47 45 43 41 39 37 35 33 31 29 27 25 23 21 19 17 15 13 11 9 7 5 3 1 5 5 5 5 5 5 5 5 5 
0 41 43 45 47 49 51 51 51 51 51 51 51 51 51 51 51 51 51 51 51 51 51 51 51 51 49 47 45 43 41 39 37 35 33 31 29 27 25 23 21 19 17 15 13 11 9 7 5 3 1 49 51 53 55 57 59 61 63 63 61 59 57 55 53 51 49 47 45 43 41 39 37 35 33 31 29 27 25 23 21 19 17 15 13 11 9 7 5 3 1 7 7 7 7 7 7 7 7 7 
9 41 43 45 47 49 49 49 49 49 49 49 49 49 49 49 49 49 49 49 49 49 49 49 49 49 49 47 45 43 41 39 37 35 33 31 29 27 25 23 21 19 17 15 13 11 9 7 5 3 1 49 51 53 55 57 59 61 61 61 61 59 57 55 53 51 49 47 45 43 41 39 37 35 33 31 29 27 1 1 1 1 1 1 1 1 1 1 1 1 1 9 9 9 9 9 9 9 9 9 
0 41 43 45 47 47 47 47 47 47 47 47 47 47 47 47 47 47 47 47 47 47 47 47 47 47 47 47 45 43 41 39 37 35 33 31 29 27 25 23 21 19 17 15 13 11 9 7 5 3 1 49 51 53 55 57 59 59 59 59 59 59 57 55 53 51 49 47 45 43 41 39 37 35 33 31 29 27 1 3 3 3 3 3 3 3 3 3 3 1 1 11 11 11 11 11 11 11 11 11 
0 41 43 45 45 45 45 45 45 45 45 45 45 45 45 45 45 45 45 45 45 45 45 45 45 45 45 45 45 43 41 39 37 35 33 31 29 27 25 23 21 19 17 15 13 11 9 7 5 3 1 49 51 53 55 57 57 57 57 57 57 57 57 55 53 51 49 47 45 43 41 39 37 35 33 31 29 27 1 3 5 5 5 5 5 5 5 5 3 1 1 13 13 13 13 13 13 13 13 13 
0 41 43 43 43 43 43 43 43 43 43 43 43 43 43 43 43 43 43 43 43 43 43 43 43 43 43 43 43 43 41 39 37 35 33 31 29 27 25 23 21 19 17 15 13 11 9 7 5 3 1 49 51 53 55 55 55 55 55 55 55 55 55 55 53 51 49 47 45 43 41 39 37 35 33 31 29 27 1 3 5 7 7 7 7 7 7 5 3 1 1 15 15 15 15 15 15 15 15 15 
0 41 41 41 41 41 41 41 41 41 41 41 41 41 41 41 41 41 41 41 41 41 41 41 41 41 41 41 41 41 41 39 37 35 33 31 29 27 25 23 21 19 17 15 13 11 9 7 5 3 1 49 51 53 53 53 53 53 53 53 53 53 53 53 53 51 49 47 45 43 41 39 37 35 33 31 29 27 1 3 5 7 9 9 9 9 7 5 3 1 1 17 17 17 17 17 17 17 17 17 
0 39 39 39 39 39 39 39 39 39 39 39 39 39 39 39 39 39 39 39 39 39 39 39 39 39 39 39 39 39 39 39 37 35 33 31 29 27 25 23 21 19 17 15 13 11 9 7 5 3 1 49 51 51 51 51 51 51 51 51 51 51 51 51 51 51 49 47 45 43 41 39 37 35 33 31 29 27 1 3 5 7 9 11 11 9 7 5 3 1 1 19 19 19 19 19 19 19 19 19 
0 37 37 37 37 37 37 37 37 37 37 37 37 37 37 37 37 37 37 37 37 37 37 37 37 37 37 37 37 37 37 37 37 35 33 31 29 27 25 23 21 19 17 15 13 11 9 7 5 3 1 49 49 49 49 49 49 49 49 49 49 49 49 49 49 49 49 47 45 43 41 39 37 35 33 31 29 27 1 3 5 7 9 11 11 9 7 5 3 1 1 21 21 21 21 21 21 21 21 21 
0 35 35 35 35 35 35 35 35 35 35 35 35 35 35 35 35 35 35 35 35 35 35 35 35 35 35 35 35 35 35 35 35 35 33 31 29 27 25 23 21 19 17 15 13 11 9 7 5 3 1 47 47 47 47 47 47 47 47 47 47 47 47 47 47 47 47 47 45 43 41 39 37 35 33 31 29 27 1 3 5 7 9 9 9 9 7 5 3 1 1 23 23 23 23 23 23 23 23 23 
0 33 33 33 33 33 33 33 33 33 33 33 33 33 33 33 33 33 33 33 33 33 33 33 33 33 33 33 33 33 33 33 33 33 33 31 29 27 25 23 21 19 17 15 13 11 9 7 5 3 1 45 45 45 45 45 45 45 45 45 45 45 45 45 45 45 45 45 45 43 41 39 37 35 33 31 29 27 1 3 5 7 7 7 7 7 7 5 3 1 1 25 25 25 25 25 25 25 25 25 
0 31 31 31 31 31 31 31 31 31 31 31 31 31 31 31 31 31 31 31 31 31 31 31 31 31 31 31 31 31 31 31 31 31 31 31 29 27 25 23 21 19 17 15 13 11 9 7 5 3 1 43 43 43 43 43 43 43 43 43 43 43 43 43 43 43 43 43 43 43 41 39 37 35 33 31 29 27 1 3 5 5 5 5 5 5 5 5 3 1 1 27 27 27 27 27 27 27 27 27 
0 29 29 29 29 29 29 29 29 29 29 29 29 29 29 29 29 29 29 29 29 29 29 29 29 29 29 29 29 29 29 29 29 29 29 29 29 27 25 23 21 19 17 15 13 11 9 7 5 3 1 41 41 41 41 41 41 41 41 41 41 41 41 41 41 41 41 41 41 41 41 39 37 35 33 31 29 27 1 3 3 3 3 3 3 3 3 3 3 1 1 29 29 29 29 29 29 29 29 29 
0 27 27 27 27 27 27 27 27 27 27 27 27 27 27 27 27 27 27 27 27 27 27 27 27 27 27 27 27 27 27 27 27 27 27 27 27 27 25 23 21 19 17 15 13 11 9 7 5 3 1 39 39 39 39 39 39 39 39 39 39 39 39 39 39 39 39 39 39 39 39 39 37 35 33 31 29 27 1 1 1 1 1 1 1 1 1 1 1 1 1 31 31 31 31 31 31 31 31 31 
0 25 25 25 25 25 25 25 25 25 25 25 25 25 25 25 25 25 25 25 25 25 25 25 25 25 25 25 25 25 25 25 25 25 25 25 25 25 25 23 21 19 17 15 13 11 9 7 5 3 1 37 37 37 37 37 37 37 37 37 37 37 37 37 37 37 37 37 37 37 37 37 37 35 33 31 29 27 25 23 21 19 17 15 13 11 9 7 5 3 1 33 33 33 33 33 33 33 33 33 
0 23 23 23 23 23 23 23 23 23 23 23 23 23 23 23 23 23 23 23 23 23 23 23 23 23 23 23 23 23 23 23 23 23 23 23 23 23 23 23 21 19 17 15 13 11 9 7 5 3 1 35 35 35 35 35 35 35 35 35 35 35 35 35 35 35 35 35 35 35 35 35 35 35 33 31 29 27 25 23 21 19 17 15 13 11 9 7 5 3 1 35 35 35 35 35 35 35 35 35 
0 21 21 21 21 21 21 21 21 21 21 21 21 21 21 21 21 21 21 21 21 21 21 21 21 21 21 21 21 21 21 21 21 21 21 21 21 21 21 21 21 19 17 15 13 11 9 7 5 3 1 33 33 33 33 33 33 33 33 33 33 33 33 33 33 33 33 33 33 33 33 33 33 33 33 31 29 27 25 23 21 19 17 15 13 11 9 7 5 3 1 37 37 37 37 37 37 37 37 35 
0 19 19 19 19 19 19 19 19 19 19 19 19 19 19 19 19 19 19 19 19 19 19 19 19 19 19 19 19 19 19 19 19 19 19 19 19 19 19 19 19 19 17 15 13 11 9 7 5 3 1 31 31 31 31 31 31 31 31 31 31 31 31 31 31 31 31 31 31 31 31 31 31 31 31 31 29 27 25 23 21 19 17 15 13 11 9 7 5 3 1 39 39 39 39 39 39 39 37 35 
0 17 17 17 17 17 17 17 17 17 17 17 17 17 17 17 17 17 17 17 17 17 17 17 17 17 17 17 17 17 17 17 17 17 17 17 17 17 17 17 17 17 17 15 13 11 9 7 5 3 1 29 29 29 29 29 29 29 29 29 29 29 29 29 29 29 29 29 29 29 29 29 29 29 29 29 29 27 25 23 21 19 17 15 13 11 9 7 5 3 1 41 41 41 41 41 41 39 37 35 
0 15 15 15 15 15 15 15 15 15 15 15 15 15 15 15 15 15 15 15 15 15 15 15 15 15 15 15 15 15 15 15 15 15 15 15 15 15 15 15 15 15 15 15 13 11 9 7 5 3 1 27 27 27 27 27 27 27 27 27 27 27 27 27 27 27 27 27 27 27 27 27 27 27 27 27 27 27 25 23 21 19 17 15 13 11 9 7 5 3 1 43 43 43 43 43 41 39 37 35 
0 13 13 13 13 13 13 13 13 13 13 13 13 13 13 13 13 13 13 13 13 13 13 13 13 13 13 13 13 13 13 13 13 13 13 13 13 13 13 13 13 13 13 13 13 11 9 7 5 3 1 25 25 25 25 25 25 25 25 25 25 25 25 25 25 25 25 25 25 25 25 25 25 25 25 25 25 25 25 23 21 19 17 15 13 11 9 7 5 3 1 45 45 45 45 43 41 39 37 35 
0 11 11 11 11 11 11 11 11 11 11 11 11 11 11 11 11 11 11 11 11 11 11 11 11 11 11 11 11 11 11 11 11 11 11 11 11 11 11 11 11 11 11 11 11 11 9 7 5 3 1 23 23 23 23 23 23 23 23 23 23 23 23 23 23 23 23 23 23 23 23 23 23 23 23 23 23 23 23 23 21 19 17 15 13 11 9 7 5 3 1 47 47 47 45 43 41 39 37 35 
0 9 9 9 9 9 9 9 9 9 9 9 9 9 9 9 9 9 9 9 9 9 9 9 9 9 9 9 9 9 9 9 9 9 9 9 9 9 9 9 9 9 9 9 9 9 9 7 5 3 1 21 21 21 21 21 21 21 21 21 21 21 21 21 21 21 21 21 21 21 21 21 21 21 21 21 21 21 21 21 21 19 17 15 13 11 9 7 5 3 1 49 49 47 45 43 41 39 37 35 
0 7 7 7 7 7 7 7 7 7 7 7 7 7 7 7 7 7 7 7 7 7 7 7 7 7 7 7 7 7 7 7 7 7 7 7 7 7 7 7 7 7 7 7 7 7 7 7 5 3 1 19 19 19 19 19 19 19 19 19 19 19 19 19 19 19 19 19 19 19 19 19 19 19 19 19 19 19 19 19 19 19 17 15 13 11 9 7 5 3 1 51 49 47 45 43 41 39 37 35 
0 5 5 5 5 5 5 5 5 5 5 5 5 5 5 5 5 5 5 5 5 5 5 5 5 5 5 5 5 5 5 5 5 5 5 5 5 5 5 5 5 5 5 5 5 5 5 5 5 3 1 17 17 17 17 17 17 17 17 17 17 17 17 17 17 17 17 17 17 17 17 17 17 17 17 17 17 17 17 17 17 17 17 15 13 11 9 7 5 3 1 51 49 47 45 43 41 39 37 35 
0 3 3 3 3 3 3 3 3 3 3 3 3 3 3 3 3 3 3 3 3 3 3 3 3 3 3 3 3 3 3 3 3 3 3 3 3 3 3 3 3 3 3 3 3 3 3 3 3 3 1 15 15 15 15 15 15 15 15 15 15 15 15 15 15 15 15 15 15 15 15 15 15 15 15 15 15 15 15 15 15 15 15 15 13 11 9 7 5 3 1 51 49 47 45 43 41 39 37 35 
0 1 1 1 1 1 1 1 1 1 1 1 1 1 1 1 1 1 1 1 1 1 1 1 1 1 1 1 1 1 1 1 1 1 1 1 1 1 1 1 1 1 1 1 1 1 1 1 1 1 1 13 13 13 13 13 13 13 13 13 13 13 13 13 13 13 13 13 13 13 13 13 13 13 13 13 13 13 13 13 13 13 13 13 13 11 9 7 5 3 1 51 49 47 45 43 41 39 37 35 
0 0 0 0 0 0 0 0 0 1 3 5 7 9 11 13 13 13 13 13 13 13 13 13 13 13 13 1 3 5 7 9 11 11 11 11 11 11 11 11 11 11 11 11 11 11 11 11 11 11 11 11 11 11 11 11 11 11 11 11 11 11 11 11 11 11 11 11 11 11 11 11 11 11 11 11 11 11 11 11 11 11 11 11 11 11 9 7 5 3 1 49 49 47 45 43 41 39 37 35 
0 0 0 0 0 0 0 0 0 1 3 5 7 9 11 11 11 11 11 11 11 11 11 11 11 11 11 1 3 5 7 9 9 9 9 9 9 9 9 9 9 9 9 9 9 9 9 9 9 9 9 9 9 9 9 9 9 9 9 9 9 9 9 9 9 9 9 9 9 9 9 9 9 9 9 9 9 9 9 9 9 9 9 9 9 9 9 7 5 3 1 47 47 47 45 43 41 39 37 35 
0 0 0 0 0 0 0 0 0 1 3 5 7 9 9 9 9 9 9 9 9 9 9 9 9 9 9 1 3 5 7 7 7 7 7 7 7 7 7 7 7 7 7 7 7 7 7 7 7 7 7 7 7 7 7 7 7 7 7 7 7 7 7 7 7 7 7 7 7 7 7 7 7 7 7 7 7 7 7 7 7 7 7 7 7 7 7 7 5 3 1 45 45 45 45 43 41 39 37 35 
