0 0 0 0 0 0 0 0 0 0 0 0 0 0 0 0 0 0 0 0 0 0 0 0 0 0 0 0 0 0 0 0 0 0 0 0 0 0 0 0 0 0 0 0 0 0 0 0 0 0 0 0 0 0 0 0 0 0 0 0 0 0 0 0 0 0 0 0 0 0 0 0 0 0 0 0 0 0 0 0 0 0 0 0 0 0 0 0 0 0 0 0 0 0 0 0 0 0 0 0 
0 28 28 28 28 28 28 28 28 28 28 28 28 28 28 28 28 28 28 28 28 28 28 28 28 26 24 22 20 18 16 14 12 10 8 6 4 2 0 0 0 0 0 0 0 0 0 0 0 0 0 0 0 0 0 0 0 0 0 0 0 0 0 0 0 0 0 0 0 1 3 3 3 1 3 5 7 9 11 13 15 17 19 21 23 25 27 29 31 33 33 33 33 33 33 33 33 33 33 33 
0 30 30 30 30 30 30 30 30 30 30 30 30 30 30 30 30 30 30 30 30 30 30 30 28 26 24 22 20 18 16 14 12 10 8 6 4 2 0 0 0 0 0 0 0 0 0 0 0 0 0 0 0 0 0 0 0 0 0 0 0 0 0 0 0 0 0 0 0 1 3 5 5 1 3 5 7 9 11 13 15 17 19 21 23 25 27 29 31 33 35 35 35 35 35 35 35 35 35 35 
0 32 32 32 32 32 32 32 32 32 32 32 32 32 32 32 32 32 32 32 32 32 32 30 28 26 24 22 20 18 16 14 12 10 8 6 4 2 0 0 0 0 0 0 0 0 0 0 0 0 0 0 0 0 0 0 0 0 0 0 0 0 0 0 0 0 0 0 0 1 3 5 7 1 3 5 7 9 11 13 15 17 19 21 23 25 27 29 31 33 35 37 37 37 37 37 37 37 37 35 
0 34 34 34 34 34 34 34 34 34 34 34 34 34 34 34 34 34 34 34 34 34 32 30 28 26 24 22 20 18 16 14 12 10 8 6 4 2 0 0 0 0 0 0 0 0 0 0 0 0 0 0 0 0 0 0 0 0 0 0 0 0 0 0 0 0 0 0 0 1 3 5 7 1 3 5 7 9 11 13 15 17 19 21 23 25 27 29 31 33 35 37 39 39 39 39 39 39 37 35 
0 36 36 36 36 36 36 36 36 36 36 36 36 36 36 36 36 36 36 36 36 34 32 30 28 26 24 22 20 18 16 14 12 10 8 6 4 2 0 0 0 0 0 0 0 0 0 0 0 0 0 0 0 0 0 0 0 0 0 0 0 0 0 0 0 0 0 0 0 1 3 5 5 1 3 5 7 9 11 13 15 17 19 21 23 25 27 29 31 33 35 37 39 41 41 41 41 39 37 35 
0 38 38 38 38 38 38 38 38 38 38 38 38 38 38 38 38 38 38 38 36 34 32 30 28 26 24 22 20 18 16 14 12 10 8 6 4 2 0 0 0 0 0 0 0 0 0 0 0 0 0 0 0 0 0 0 0 0 0 0 0 0 0 0 0 0 0 0 0 1 3 3 3 1 3 5 7 9 11 13 15 17 19 21 23 25 27 29 31 33 35 37 39 41 43 43 41 39 37 35 
0 40 40 40 40 40 40 40 40 40 40 40 40 40 40 40 40 40 40 38 36 34 32 30 28 26 24 22 20 18 16 14 12 10 8 6 4 2 0 0 0 0 0 0 0 0 0 0 0 0 0 0 0 0 0 0 0 0 0 0 0 0 0 0 0 0 0 0 0 1 1 1 1 1 3 5 7 9 11 13 15 17 19 21 23 25 27 29 31 33 35 37 39 41 43 43 41 39 37 35 
0 42 42 42 42 42 42 42 42 42 42 42 42 42 42 42 42 42 40 38 36 34 32 30 28 26 24 22 20 18 16 14 12 10 8 6 4 2 0 0 0 0 0 0 0 0 0 0 0 0 0 0 0 0 0 0 0 0 0 0 0 0 0 0 0 0 0 0 0 0 0 0 1 1 3 5 7 9 11 13 15 17 19 21 23 25 27 29 31 33 35 37 39 41 41 41 41 39 37 35 
0 44 44 44 44 44 44 44 44 44 44 44 44 44 44 44 44 42 40 38 36 34 32 30 28 26 24 22 20 18 16 14 12 10 8 6 4 2 0 0 0 0 0 0 0 0 0 0 0 0 0 0 0 0 0 0 0 0 0 0 0 0 0 0 0 0 0 0 0 0 0 0 1 1 3 5 7 9 11 13 15 17 19 21 23 25 27 29 31 33 35 37 39 39 39 39 39 39 37 35 
0 46 46 46 46 46 46 46 46 46 46 46 46 46 46 46 44 42 40 38 36 1 1 1 1 26 24 22 20 18 16 14 12 10 8 6 4 2 0 0 0 0 0 0 0 0 0 0 0 0 0 0 0 0 0 0 0 0 0 0 0 0 0 0 0 0 0 0 0 0 0 0 1 1 3 5 7 9 11 13 15 17 19 21 23 25 27 29 31 33 35 37 37 37 37 37 37 37 37 35 
0 48 48 48 48 48 48 48 48 48 48 48 48 48 48 46 44 42 40 38 3 3 3 3 1 26 24 22 20 18 16 14 12 10 8 6 4 2 0 0 0 0 0 0 0 0 0 0 0 0 0 0 0 0 0 0 0 0 0 0 0 0 0 0 0 0 0 0 0 0 0 0 1 1 3 5 7 9 11 13 15 17 19 21 23 25 27 29 31 33 35 35 35 35 35 35 35 35 35 35 
0 50 50 50 50 50 50 50 50 50 50 50 50 50 48 46 44 42 40 5 5 5 5 3 1 26 24 22 20 18 16 14 12 10 8 6 4 2 0 0 0 0 0 0 0 0 0 0 0 0 0 0 0 0 0 0 0 0 0 0 0 0 0 0 0 0 0 0 0 0 0 0 1 1 3 5 7 9 11 13 15 17 19 21 23 25 27 29 31 33 33 33 33 33 33 33 33 33 33 33 
0 52 52 52 52 52 52 52 52 52 52 52 52 50 48 46 44 42 7 7 7 7 5 3 1 26 24 22 20 18 16 14 12 10 8 6 4 2 0 0 0 0 0 0 0 0 0 0 0 0 0 0 0 0 0 0 0 0 0 0 0 0 0 0 0 0 0 0 0 0 0 0 1 1 3 5 7 9 11 13 15 17 19 21 23 25 27 29 31 31 31 31 31 31 31 31 31 31 31 31 
0 54 54 54 54 54 54 54 54 54 54 54 52 50 48 46 44 9 9 9 9 7 5 3 1 26 24 22 20 18 16 14 12 10 8 6 4 2 0 0 0 0 0 0 0 0 0 0 0 0 0 0 0 0 0 0 0 0 0 0 0 0 0 0 0 0 0 0 0 0 0 0 1 1 3 5 7 9 11 13 15 17 19 21 23 25 27 29 29 29 29 29 29 29 29 29 29 29 29 29 
0 56 56 56 56 56 56 56 56 56 56 54 52 50 48 46 11 11 11 11 9 7 5 3 1 26 24 22 20 18 16 14 12 10 8 6 4 2 0 0 0 0 0 0 0 0 0 0 0 0 0 0 0 0 0 0 0 0 0 0 0 0 0 0 0 0 0 0 0 0 0 0 1 1 3 5 7 9 11 13 15 17 19 21 23 25 27 27 27 27 27 27 27 27 27 27 27 27 27 27 
0 58 58 58 58 58 58 58 58 58 56 54 52 50 48 13 13 13 13 11 9 7 5 3 1 26 24 22 20 18 16 14 12 10 8 6 4 2 0 0 0 0 0 0 0 0 0 0 0 0 0 0 0 0 0 0 0 0 0 0 0 0 0 0 0 0 0 0 0 0 0 0 1 1 3 5 7 9 11 13 15 17 19 21 23 25 25 25 25 25 25 25 25 25 25 25 25 25 25 25 
0 60 60 60 60 60 60 60 60 58 56 54 52 50 48 15 15 15 13 11 9 7 5 3 1 26 24 22 20 18 16 14 12 10 8 6 4 2 0 0 0 0 0 0 0 0 0 0 0 0 0 0 0 0 0 0 0 0 0 0 0 0 0 0 0 0 0 0 0 0 0 0 1 1 3 5 7 9 11 13 15 17 19 21 23 23 23 23 23 23 23 23 23 23 23 23 23 23 23 23 
0 62 62 62 62 62 62 62 60 58 56 54 52 50 17 17 17 15 13 11 9 7 5 3 1 26 24 22 20 18 16 14 12 10 8 6 4 2 0 0 0 0 0 0 0 0 0 0 0 0 0 0 0 0 0 0 0 0 0 0 0 0 0 0 0 0 0 0 0 0 0 0 1 1 3 5 7 9 11 13 15 17 19 21 21 21 21 21 21 21 21 21 21 21 21 21 21 21 21 21 
0 64 64 64 64 64 64 62 60 58 56 54 52 19 19 19 17 15 13 11 9 7 5 3 1 26 24 22 20 1 1 1 1 1 1 1 1 1 1 1 1 1 1 1 1 1 1 1 1 1 1 1 1 1 1 1 1 1 1 1 1 1 1 1 1 1 1 1 1 1 1 1 1 1 3 5 7 9 11 13 15 17 19 19 19 19 19 19 19 19 19 19 19 19 19 19 19 19 19 19 
0 66 66 66 66 66 64 62 60 58 56 54 52 21 21 19 17 15 13 11 9 7 5 3 1 26 24 22 3 1 3 3 3 3 3 3 3 3 3 3 3 3 3 3 3 3 3 3 3 3 3 3 3 3 1 3 3 3 3 3 3 3 3 3 3 3 3 3 3 3 3 3 3 1 3 5 7 9 11 13 15 17 17 17 17 17 17 17 17 17 17 17 17 17 17 17 17 17 17 17 
0 68 68 68 68 66 64 62 60 58 56 54 23 23 21 19 17 15 13 11 9 7 5 3 1 26 24 5 5 1 3 5 5 5 5 5 5 5 5 5 5 5 5 5 5 5 5 5 5 5 5 5 5 3 1 5 5 5 5 5 5 5 5 5 5 5 5 5 5 5 5 5 5 1 3 5 7 9 11 13 15 15 15 15 15 15 15 15 15 15 15 15 15 15 15 15 15 15 15 15 
0 70 70 70 68 66 64 62 60 58 56 54 25 23 21 19 17 15 13 11 9 7 5 3 1 26 7 7 7 1 3 5 7 7 7 7 7 7 7 7 7 7 7 7 7 7 7 7 7 7 7 7 5 3 1 7 7 7 7 7 7 7 7 7 7 7 7 7 7 7 7 7 7 1 3 5 7 9 11 13 13 13 13 13 13 13 13 13 13 13 13 13 13 13 13 13 13 13 13 13 
0 72 72 70 68 66 64 62 60 58 56 54 25 23 21 19 17 15 13 11 9 7 5 3 1 26 9 9 9 1 3 5 7 9 9 9 9 9 9 9 9 9 9 9 9 9 9 9 9 9 9 7 5 3 1 9 9 9 9 9 9 9 9 9 9 9 9 9 9 9 9 9 7 1 3 5 7 9 11 11 11 11 11 11 11 11 11 11 11 11 11 11 11 11 11 11 11 11 11 11 
0 72 72 70 68 66 64 62 60 58 56 54 25 23 21 19 17 15 13 11 9 7 5 3 1 11 11 11 11 1 3 5 7 9 11 11 11 11 11 11 11 11 11 11 11 11 11 11 11 11 9 7 5 3 1 11 11 11 11 11 11 11 11 11 11 11 11 11 11 11 11 9 7 1 3 5 7 9 9 9 9 9 9 9 9 9 9 9 9 9 9 9 9 9 9 9 9 9 9 9 
0 70 70 70 68 66 64 62 60 58 56 54 25 23 21 19 17 15 13 11 9 7 5 3 1 11 13 13 13 1 3 5 7 9 11 13 13 13 13 13 13 13 13 13 13 13 13 13 13 11 9 7 5 3 1 13 13 13 13 13 13 13 13 13 13 13 13 13 13 13 11 9 7 1 3 5 7 7 7 7 7 7 7 7 7 7 7 7 7 7 7 7 7 7 7 7 7 7 7 7 
0 68 68 68 68 66 64 62 60 58 56 54 25 23 21 19 17 15 13 11 9 7 5 3 1 11 13 15 15 1 3 5 7 9 11 13 15 15 15 15 15 15 15 15 15 15 15 15 13 11 9 7 5 3 1 15 15 15 15 15 15 15 15 15 15 15 15 15 15 13 11 9 7 1 3 5 5 5 5 5 5 5 5 5 5 5 5 5 5 5 5 5 5 5 5 5 5 5 5 5 
0 66 66 66 66 66 64 62 60 58 56 54 25 23 21 19 17 15 13 11 9 7 5 3 1 11 13 15 17 1 3 5 7 9 11 13 15 17 17 17 17 17 17 17 17 17 17 15 13 11 9 7 5 3 1 17 17 17 17 17 17 17 17 17 17 17 17 17 15 13 11 9 7 1 3 3 3 3 3 3 3 3 3 3 3 3 3 3 3 3 3 3 3 3 3 3 3 3 3 3 
0 64 64 64 64 64 64 62 60 58 56 54 25 23 21 19 17 15 13 11 9 7 5 3 1 11 13 15 17 1 3 5 7 9 11 13 15 17 19 19 19 19 19 19 19 19 17 15 13 11 9 7 5 3 1 19 19 19 19 19 19 19 19 19 19 19 19 17 15 13 11 9 7 1 1 1 1 1 1 1 1 1 1 1 1 1 1 1 1 1 1 1 1 1 1 1 1 1 1 1 
0 62 62 62 62 62 62 62 60 58 56 54 25 23 21 19 17 15 13 11 9 7 5 3 1 11 13 15 17 1 3 5 7 9 11 13 15 17 19 21 21 21 21 21 21 19 17 15 13 11 9 7 5 3 1 21 21 21 21 21 21 21 21 21 21 21 19 17 15 13 11 9 7 5 3 1 1 1 1 1 1 1 1 1 1 1 1 1 1 1 1 1 1 1 1 1 1 1 1 1 
0 60 60 60 60 60 60 60 60 58 56 54 25 23 21 19 17 15 13 11 9 7 5 3 1 11 13 15 17 1 3 5 7 9 11 13 15 17 19 21 23 23 23 23 21 19 17 15 13 11 9 7 5 3 1 23 23 23 23 23 23 23 23 23 23 21 19 17 15 13 11 9 7 5 3 1 0 0 0 0 0 0 0 0 0 0 0 0 0 0 0 0 0 0 0 0 0 0 0 0 
0 58 58 58 58 58 58 58 58 58 56 54 25 23 21 19 17 15 13 11 9 7 5 3 1 11 13 15 17 1 3 5 7 9 11 13 15 17 19 21 23 25 25 23 21 19 17 15 13 11 9 7 5 3 1 25 25 25 25 25 25 25 25 25 23 21 19 17 15 13 11 9 7 5 3 1 1 1 1 1 1 1 1 1 1 1 1 1 1 1 1 1 1 0 0 0 0 0 0 0 
0 56 56 56 56 56 56 56 56 56 56 54 23 23 21 19 17 15 13 11 9 7 5 3 1 11 13 15 17 1 3 5 7 9 11 13 15 17 19 21 23 25 25 23 21 19 17 15 13 11 9 7 5 3 1 27 27 27 27 27 27 27 27 25 23 21 19 17 15 13 11 9 7 5 3 1 3 3 3 3 3 3 3 3 3 3 3 3 3 3 3 3 1 0 0 0 0 0 0 0 
0 54 54 54 54 54 54 54 54 54 54 54 52 21 21 19 17 15 13 11 9 7 5 3 1 11 13 15 17 1 3 5 7 9 11 13 15 17 19 21 23 23 23 23 21 19 17 15 13 11 9 7 5 3 1 29 29 29 29 29 29 29 27 25 23 21 19 17 15 13 11 9 7 5 3 1 5 5 5 5 5 5 5 5 5 5 5 5 5 5 5 3 1 0 0 0 0 0 0 0 
0 52 52 52 52 52 52 52 52 52 52 52 52 19 19 19 17 15 13 11 9 7 5 3 1 11 13 15 17 1 3 5 7 9 11 13 15 17 19 21 21 21 21 21 21 19 17 15 13 11 9 7 5 3 1 31 31 31 31 31 31 29 27 25 23 21 19 17 15 13 11 9 7 5 3 1 7 7 7 7 7 7 7 7 7 7 7 7 7 7 5 3 1 0 0 0 0 0 0 0 
0 50 50 50 50 50 50 50 50 50 50 50 50 50 17 17 17 15 13 11 9 7 5 3 1 11 13 15 17 1 3 5 7 9 11 13 15 17 19 19 19 19 19 19 19 19 17 15 13 11 9 7 5 3 1 33 33 33 33 33 31 29 27 25 23 21 19 17 15 13 11 9 7 5 3 1 9 9 9 9 9 9 9 9 9 9 9 9 9 7 5 3 1 0 0 0 0 0 0 0 
0 48 48 48 48 48 48 48 48 48 48 48 48 48 48 15 15 15 13 11 9 7 5 3 1 11 13 15 17 1 3 5 7 9 11 13 15 17 17 17 17 17 17 17 17 17 17 15 13 11 9 7 5 3 1 35 35 35 35 33 31 29 27 25 23 21 19 17 15 13 11 9 7 5 3 1 11 11 11 11 11 11 11 11 11 11 11 11 9 7 5 3 1 0 0 0 0 0 0 0 
0 13 13 13 13 13 13 13 13 13 13 13 13 13 13 13 13 13 13 11 9 7 5 3 1 11 13 15 17 1 3 5 7 9 11 13 15 15 15 15 15 15 15 15 15 15 15 15 13 11 9 7 5 3 1 37 37 37 35 33 31 29 27 25 23 21 19 17 15 13 11 9 7 5 3 1 13 13 13 13 13 13 13 13 13 13 13 11 9 7 5 3 1 0 0 0 0 0 0 0 
0 11 11 11 11 11 11 11 11 11 11 11 11 11 11 11 11 11 11 11 9 7 5 3 1 11 13 15 17 1 3 5 7 9 11 13 13 13 13 13 13 13 13 13 13 13 13 13 13 11 9 7 5 3 1 39 39 37 35 33 31 29 27 25 23 21 19 17 15 13 11 9 7 5 3 1 15 15 15 15 15 15 15 15 15 15 13 11 9 7 5 3 1 0 0 0 0 0 0 0 
0 9 9 9 9 9 9 9 9 9 9 9 9 9 9 9 9 9 9 9 9 7 5 3 1 11 13 15 17 1 3 5 7 9 11 11 11 11 11 11 11 11 11 11 11 11 11 11 11 11 9 7 5 3 1 41 39 37 35 33 31 29 27 25 23 21 19 17 15 13 11 9 7 5 3 1 17 17 17 17 17 17 17 17 17 15 13 11 9 7 5 3 1 0 0 0 0 0 0 0 
0 7 7 7 7 7 7 7 7 7 7 7 7 7 7 7 7 7 7 7 7 7 5 3 1 11 13 15 17 1 3 5 7 9 9 9 9 9 9 9 9 9 9 9 9 9 9 9 9 9 9 7 5 3 1 41 39 37 35 33 31 29 27 25 23 21 19 17 15 13 11 9 7 5 3 1 19 19 19 19 19 19 19 19 17 15 13 11 9 7 5 3 1 0 0 0 0 0 0 0 
0 5 5 5 5 5 5 5 5 5 5 5 5 5 5 5 5 5 5 5 5 5 5 3 1 11 13 15 17 1 3 5 7 7 7 7 7 7 7 7 7 7 7 7 7 7 7 7 7 7 7 7 5 3 1 41 39 37 35 33 31 29 27 25 23 21 19 17 15 13 11 9 7 5 3 1 21 21 21 21 21 21 21 19 17 15 13 11 9 7 5 3 1 0 0 0 0 0 0 0 
0 3 3 3 3 3 3 3 3 3 3 3 3 3 3 3 3 3 3 3 3 3 3 3 1 11 13 15 17 1 3 5 5 5 5 5 5 5 5 5 5 5 5 5 5 5 5 5 5 5 5 5 5 3 1 41 39 37 35 33 31 29 27 25 23 21 19 17 1 1 1 1 1 1 1 1 1 1 1 1 1 1 1 1 17 15 13 11 9 7 5 3 1 0 0 0 0 0 0 0 
0 1 1 1 1 1 1 1 1 1 1 1 1 1 1 1 1 1 1 1 1 1 1 1 1 11 13 15 17 1 3 3 3 3 3 3 3 3 3 3 3 3 3 3 3 3 3 3 3 3 3 3 3 3 1 41 39 37 35 33 31 29 27 25 23 21 19 17 1 3 3 3 3 3 3 3 3 3 3 3 3 3 3 1 17 15 13 11 9 7 5 3 1 0 0 0 0 0 0 0 
0 32 32 32 32 32 32 32 32 32 32 32 32 32 32 32 32 32 32 32 32 32 32 30 28 11 13 15 17 1 1 1 1 1 1 1 1 1 1 1 1 1 1 1 1 1 1 1 1 1 1 1 1 1 1 41 39 37 35 33 31 29 27 25 23 21 19 17 1 3 5 5 5 5 5 5 5 5 5 5 5 5 3 1 17 15 13 11 9 7 5 3 1 0 0 0 0 0 0 0 
0 30 30 30 30 30 30 30 30 30 30 30 30 30 30 30 30 30 30 30 30 30 30 30 28 11 13 15 17 19 21 23 25 27 29 31 33 35 37 39 41 43 45 47 49 51 53 53 53 53 51 49 47 45 43 41 39 37 35 33 31 29 27 25 23 21 19 17 1 3 5 7 7 7 7 7 7 7 7 7 7 5 3 1 17 15 13 11 9 7 5 3 1 0 0 0 0 0 0 0 
0 28 28 28 28 28 28 28 28 28 28 28 28 28 28 28 28 28 28 28 28 28 28 28 28 11 13 15 17 19 21 23 25 27 29 31 33 35 37 39 41 43 45 47 49 51 53 55 55 53 51 49 47 45 43 41 39 37 35 33 31 29 27 25 23 21 19 17 1 3 5 7 9 9 9 9 9 9 9 9 7 5 3 1 17 15 13 11 9 7 5 3 1 0 0 0 0 0 0 0 
0 26 26 26 26 26 26 26 26 26 26 26 26 26 26 26 26 26 26 26 26 26 26 26 26 11 13 15 17 19 21 23 25 27 29 31 33 35 37 39 41 43 45 47 49 51 53 55 55 53 51 49 47 45 43 41 39 37 35 33 31 29 27 25 23 21 19 17 1 3 5 7 9 11 11 11 11 11 11 9 7 5 3 1 17 15 13 11 9 7 5 3 1 0 0 0 0 0 0 0 
0 24 24 24 24 24 24 24 24 24 24 24 24 24 24 24 24 24 24 24 24 24 24 7 9 11 13 15 17 19 21 23 25 27 29 31 33 35 37 39 41 43 45 47 49 51 53 53 53 53 51 49 47 45 43 41 39 37 35 33 31 29 27 25 23 21 19 17 1 3 5 7 9 11 13 13 13 13 11 9 7 5 3 1 1 1 1 1 1 1 1 1 1 1 1 1 1 1 1 1 
0 22 22 22 22 22 22 22 22 22 22 22 22 22 22 22 22 22 22 22 22 22 5 7 9 11 13 15 17 19 21 23 25 27 29 31 33 35 37 39 41 43 45 47 49 51 51 51 51 51 51 49 47 45 43 41 39 37 35 33 31 29 27 25 23 21 19 17 1 3 5 7 9 11 13 15 15 13 11 9 7 5 3 1 3 3 3 3 3 3 3 3 3 3 3 3 3 3 3 3 
0 20 20 20 20 20 20 20 20 20 20 20 20 20 20 20 20 20 20 20 20 3 5 7 9 11 13 15 17 19 21 23 25 27 29 31 33 35 37 39 41 43 45 47 49 49 49 49 49 49 49 49 47 45 43 41 39 37 35 33 31 29 27 25 23 21 19 17 1 3 5 7 9 11 13 15 15 13 11 9 7 5 3 1 5 5 5 5 5 5 5 5 5 5 5 5 5 5 5 5 
0 2 2 2 2 2 2 2 2 2 2 2 2 2 2 2 2 2 2 2 2 2 2 2 2 2 2 15 17 19 21 23 25 27 29 31 33 35 37 39 41 43 45 47 47 47 47 47 47 47 47 47 47 45 43 41 39 37 35 33 31 29 27 25 23 21 19 17 1 3 5 7 9 11 13 13 13 13 11 9 7 5 3 1 7 7 7 7 7 7 7 7 7 7 7 7 7 7 7 7 
0 2 4 4 4 4 4 4 4 4 4 4 4 4 4 4 4 4 4 4 4 4 4 4 4 4 2 15 17 19 21 23 25 27 29 31 33 35 37 39 41 43 45 45 45 45 45 45 45 45 45 45 45 45 43 41 39 37 35 33 31 29 27 25 23 21 19 17 1 3 5 7 9 11 11 11 11 11 11 9 7 5 3 1 9 9 9 9 9 9 9 9 9 9 9 9 9 9 9 9 
0 2 4 6 6 6 6 6 6 6 6 6 6 6 6 6 6 6 6 6 6 6 6 6 6 4 2 15 17 19 21 23 25 27 29 31 33 35 37 39 41 43 43 43 43 43 43 43 43 43 43 43 43 43 43 41 39 37 35 33 31 29 27 25 23 21 19 17 1 3 5 7 9 9 9 9 9 9 9 9 7 5 3 1 11 11 11 11 11 11 11 11 11 11 11 11 11 11 11 11 
0 2 4 6 8 8 8 8 8 8 8 8 8 8 8 8 8 8 8 8 8 8 8 8 6 4 2 15 17 19 21 23 2 2 2 2 2 2 2 2 2 2 2 2 2 2 2 2 2 2 2 2 2 2 2 2 2 2 2 2 2 2 2 2 2 2 2 2 2 2 2 2 2 2 2 2 2 2 2 2 2 2 2 2 2 2 13 13 13 13 13 13 13 13 13 13 13 13 13 13 
0 2 4 6 8 10 10 10 10 10 10 10 10 10 10 10 10 10 10 10 10 10 10 8 6 4 2 15 17 19 21 23 2 4 4 4 4 4 4 4 4 4 4 4 4 4 4 4 4 4 4 4 4 4 4 4 4 4 4 4 4 4 4 4 4 4 4 4 4 4 4 4 4 4 4 4 4 4 4 4 4 4 4 4 4 2 2 2 2 2 2 2 2 2 2 2 2 2 2 2 
0 2 4 6 8 10 12 12 12 12 12 12 12 12 12 12 12 12 12 12 12 12 10 8 6 4 2 15 17 19 21 23 2 4 6 6 6 6 6 6 6 6 6 6 6 6 6 6 6 6 6 6 6 6 6 6 6 6 6 6 6 6 6 6 6 6 6 6 6 6 6 6 6 6 6 6 6 6 6 6 6 6 6 6 4 2 4 4 4 4 4 4 4 4 4 4 4 4 4 4 
0 2 4 6 8 10 12 14 14 14 14 14 14 14 14 14 14 14 14 14 14 12 10 8 6 4 2 15 17 19 21 23 2 4 6 8 8 8 8 8 8 8 8 8 8 8 8 8 8 8 8 8 8 8 8 8 8 8 8 8 8 8 8 8 8 8 8 8 8 8 8 8 8 8 8 8 8 8 8 8 8 8 8 6 4 2 6 6 6 6 6 6 6 6 6 6 6 6 6 6 
0 2 2 2 2 2 2 2 2 2 2 2 2 2 2 2 2 16 16 16 14 12 10 8 6 4 2 15 17 19 21 23 2 4 6 8 10 10 10 10 10 10 10 10 10 10 10 10 10 10 10 10 10 10 10 10 10 10 10 10 10 10 10 10 10 10 10 10 10 10 10 10 10 10 10 10 10 10 10 10 10 10 8 6 4 2 8 8 8 8 8 8 8 8 8 8 8 8 8 8 
0 2 4 4 4 4 4 4 4 4 4 4 4 4 4 4 2 18 18 16 14 12 10 8 6 4 2 15 17 19 21 23 2 4 6 8 10 12 12 12 12 12 12 12 12 12 12 12 12 12 12 12 12 12 12 12 12 12 12 12 12 12 12 12 12 12 12 12 12 12 12 12 12 12 12 12 12 12 12 12 12 10 8 6 4 2 10 10 10 10 10 10 10 10 10 10 10 10 10 10 
0 2 4 6 6 6 6 6 6 6 6 6 6 6 6 4 2 20 18 16 14 12 10 8 6 4 2 15 17 19 21 23 2 4 6 8 10 12 14 14 14 14 14 14 14 14 14 14 14 14 14 14 14 14 14 14 14 14 14 14 14 14 14 14 14 14 14 14 14 14 14 14 14 14 14 14 14 14 14 14 12 10 8 6 4 2 12 12 12 12 12 12 12 12 12 12 12 12 12 12 
0 2 4 6 8 8 8 8 8 8 8 8 8 8 6 4 2 20 18 16 14 12 10 8 6 4 2 15 17 19 21 23 2 4 6 8 10 12 14 16 16 16 16 16 16 16 16 16 16 16 16 16 16 16 16 16 16 16 16 16 16 16 16 16 16 16 16 16 16 16 16 16 16 16 16 16 16 16 16 14 12 10 8 6 4 2 14 14 14 14 14 14 14 14 14 14 14 14 14 14 
0 2 4 6 8 10 10 10 10 10 10 10 10 8 6 4 2 20 18 16 14 12 10 8 6 4 2 15 17 19 21 23 2 4 6 8 10 12 14 16 18 18 18 18 18 18 18 18 18 18 18 18 18 18 18 18 18 18 18 18 18 18 18 18 18 18 18 18 18 18 18 18 18 18 18 18 18 18 16 14 12 10 8 6 4 2 16 16 16 16 16 16 16 16 16 16 16 16 16 16 
0 2 4 6 8 10 12 12 12 12 12 12 10 8 6 4 2 20 18 16 14 12 10 8 6 4 2 15 17 19 21 23 2 4 6 8 10 12 14 16 18 20 20 20 20 20 20 20 20 20 20 20 20 20 20 20 20 20 20 20 20 20 20 20 20 20 20 20 20 20 20 20 20 20 20 20 20 18 16 14 12 10 8 6 4 2 18 18 18 18 18 18 18 18 18 18 18 18 18 18 
0 2 4 6 8 10 12 14 14 14 14 12 10 8 6 4 2 20 18 16 14 12 10 8 6 4 2 15 17 19 21 21 2 4 6 8 10 12 14 16 18 20 22 22 22 22 22 22 22 22 22 22 22 22 22 22 22 22 22 22 22 22 22 22 22 22 22 22 22 22 22 22 22 22 22 22 20 18 16 14 12 10 8 6 4 2 20 20 20 20 20 20 20 20 20 20 20 20 20 20 
0 2 4 6 8 10 12 14 16 16 14 12 10 8 6 4 2 20 18 16 14 12 10 8 6 4 2 15 17 19 19 19 2 4 6 8 10 12 14 16 18 20 22 24 24 24 24 24 24 24 24 24 24 24 24 24 24 24 24 24 24 24 24 24 24 24 24 24 24 24 24 24 24 24 24 22 20 18 16 14 12 10 8 6 4 2 22 22 22 22 22 22 22 22 22 22 22 22 22 22 
0 2 4 6 8 10 12 14 16 16 14 12 10 8 6 4 2 20 18 16 14 12 10 8 6 4 2 15 17 17 17 17 2 4 6 8 10 12 14 16 18 20 22 24 26 26 26 26 26 26 26 26 26 26 26 26 26 26 26 26 26 26 26 26 26 26 26 26 26 26 26 26 26 26 24 22 20 18 16 14 12 10 8 6 4 2 24 24 24 24 24 24 24 24 24 24 24 24 24 24 
0 2 4 6 8 10 12 14 14 14 14 12 10 8 6 4 2 20 18 16 14 12 10 8 6 4 2 15 15 15 15 15 2 4 6 8 10 12 14 16 18 20 22 24 26 28 28 28 28 28 28 28 28 28 28 28 28 28 28 28 28 28 28 28 28 28 28 28 28 28 28 28 28 26 24 22 20 18 16 14 12 10 8 6 4 2 26 26 26 26 26 26 26 26 26 26 26 26 26 26 
0 2 4 6 8 10 12 12 12 12 12 12 10 8 6 4 2 18 18 16 14 12 10 8 6 4 2 13 13 13 13 13 2 4 6 8 10 12 14 16 18 20 22 24 26 28 30 30 30 30 30 30 30 30 30 30 30 30 30 30 30 30 30 30 30 30 30 30 30 30 30 30 28 26 24 22 20 18 16 14 12 10 8 6 4 2 2 2 2 2 2 2 2 2 2 2 2 2 2 2 
0 2 4 6 8 10 10 10 10 10 10 10 10 8 6 4 2 16 16 16 14 12 10 8 6 4 2 11 11 11 11 11 2 4 6 8 10 12 14 16 18 20 22 24 26 28 30 32 32 32 32 32 32 32 32 32 32 32 32 32 32 32 32 32 32 32 32 32 32 32 32 30 28 26 24 22 20 18 16 14 12 10 8 6 4 2 4 4 4 4 4 4 4 4 4 4 4 4 4 4 
0 2 4 6 8 8 8 8 8 8 8 8 8 8 6 4 2 14 14 14 14 12 10 8 6 4 2 9 9 9 9 9 2 4 6 8 10 12 14 16 18 20 22 24 26 28 30 32 34 34 34 34 34 34 34 34 34 34 34 34 34 34 34 34 34 34 34 34 34 34 32 30 28 26 24 22 20 18 16 14 12 10 8 6 4 2 6 6 6 6 6 6 6 6 6 6 6 6 6 6 
0 2 4 6 6 6 6 6 6 6 6 6 6 6 6 4 2 12 12 12 12 12 10 8 6 4 2 7 7 7 7 7 2 4 6 8 10 12 14 16 18 20 22 24 26 28 30 32 34 36 36 36 36 36 36 36 36 36 36 36 36 36 36 36 36 36 36 36 36 34 32 30 28 26 24 22 20 18 16 14 12 10 8 6 4 2 8 8 8 8 8 8 8 8 8 8 8 8 8 8 
0 2 4 4 4 4 4 4 4 4 4 4 4 4 4 4 2 10 10 10 10 10 10 8 6 4 2 5 5 5 5 5 2 4 6 8 10 12 14 16 18 20 22 24 26 28 30 32 34 36 38 38 38 38 38 38 38 38 38 38 38 38 38 38 38 38 38 38 36 34 32 30 28 26 24 22 20 18 16 14 12 10 8 6 4 2 10 10 10 10 10 10 10 10 10 10 10 10 10 10 
0 2 2 2 2 2 2 2 2 2 2 2 2 2 2 2 2 8 8 8 8 8 8 8 6 4 2 3 3 3 3 3 2 4 6 8 10 12 14 16 18 20 22 24 26 28 30 32 34 36 38 40 40 40 40 40 40 40 40 40 40 40 40 40 40 40 40 38 36 34 32 30 28 26 24 22 20 18 16 14 12 10 8 6 4 2 12 12 12 12 12 12 12 12 12 12 12 12 12 12 
0 2 4 6 6 6 6 6 6 6 6 6 6 6 6 6 6 6 6 6 6 6 6 6 6 4 2 1 1 1 1 1 2 4 6 8 10 12 14 16 18 20 22 24 26 28 30 32 34 36 38 40 42 42 42 42 42 42 42 42 42 42 42 42 42 42 40 38 36 34 32 30 28 26 24 22 20 18 16 14 12 10 8 6 4 2 14 14 14 14 14 14 14 14 14 14 14 14 14 14 
0 2 4 4 4 4 4 4 4 4 4 4 4 4 4 4 4 4 4 4 4 4 4 4 4 4 2 36 34 32 30 28 2 4 6 8 10 12 14 16 18 20 22 24 26 28 30 32 34 36 38 40 42 44 44 44 44 44 44 44 44 44 44 44 44 42 40 38 36 34 32 30 28 26 24 22 20 18 16 14 12 10 8 6 4 16 16 16 16 16 16 16 16 16 16 16 16 16 16 16 
0 2 2 2 2 2 2 2 2 2 2 2 2 2 2 2 2 2 2 2 2 2 2 2 2 2 2 36 34 32 30 28 2 4 6 8 10 12 14 16 18 20 22 24 26 28 30 32 34 36 38 40 42 44 46 46 46 46 46 46 46 46 46 46 44 42 40 38 36 34 32 30 28 26 24 22 20 18 16 14 12 10 8 6 4 18 18 18 18 18 18 18 18 18 18 18 18 18 18 18 
0 2 4 6 8 10 12 14 16 18 20 22 24 26 28 30 32 34 36 36 36 36 36 36 36 36 36 36 34 32 30 28 2 4 6 8 10 12 14 16 18 20 22 24 26 28 30 32 34 36 38 40 42 44 46 48 48 48 48 48 48 48 48 46 44 42 40 38 36 34 32 30 28 26 24 22 20 18 16 14 12 10 8 6 4 20 20 20 20 20 20 20 20 20 20 20 20 20 20 20 
0 2 4 6 8 10 12 14 16 18 20 22 24 26 28 30 32 34 34 34 34 34 34 34 34 34 34 34 34 32 30 28 2 4 6 8 10 12 14 16 18 20 22 24 26 28 30 32 34 36 38 40 42 44 46 48 50 50 50 50 50 50 48 46 44 42 40 38 36 34 32 30 28 26 24 22 20 18 16 14 12 10 8 6 22 22 22 22 22 22 22 22 22 22 22 22 22 22 22 22 
0 2 4 6 8 10 12 14 16 18 20 22 24 26 28 30 32 32 32 32 32 32 32 32 32 32 32 32 32 32 30 28 2 4 6 8 10 12 14 16 18 20 22 24 26 28 30 32 34 36 38 40 42 44 46 48 50 52 52 52 52 50 48 46 44 42 40 38 36 34 32 30 28 26 24 22 20 18 16 14 12 10 8 6 24 24 24 24 24 24 24 24 24 24 24 24 24 24 24 24 
0 2 4 6 8 10 12 14 16 18 20 22 24 26 28 30 30 30 30 30 30 30 30 30 30 30 30 30 30 30 30 28 2 4 6 8 10 12 14 16 18 20 22 24 26 28 30 32 34 36 38 40 42 44 46 48 50 52 54 54 52 50 48 46 44 42 40 38 36 34 32 30 28 26 24 22 20 18 16 14 12 10 8 6 26 26 26 26 26 26 26 26 26 26 26 26 26 26 26 26 
0 2 4 6 8 10 12 14 16 18 20 22 24 26 28 28 28 28 28 28 28 28 28 28 28 28 28 28 28 28 28 28 2 4 6 8 10 12 14 16 18 20 22 24 26 28 30 32 34 36 38 40 42 44 46 48 50 52 54 54 52 50 48 46 44 42 40 38 36 34 32 30 28 26 24 22 20 18 16 14 12 10 8 6 28 28 28 28 28 28 28 28 28 28 28 28 28 28 28 28 
0 2 4 6 8 10 12 14 16 18 20 22 24 26 26 26 26 26 26 26 26 26 26 26 26 26 26 26 26 26 26 26 2 4 6 8 10 12 14 16 18 20 22 24 26 28 30 32 34 36 38 40 42 44 46 48 50 52 52 52 52 50 48 46 44 42 40 38 36 34 32 30 28 26 24 22 20 18 16 14 12 10 8 30 30 30 30 30 30 30 30 30 30 30 30 30 30 30 30 30 
0 2 4 6 8 10 12 14 16 18 20 22 24 24 24 24 24 24 24 24 24 24 24 24 24 24 24 24 24 24 24 24 2 4 6 8 10 12 14 16 18 20 22 24 26 28 30 32 34 36 38 40 42 44 46 48 50 50 50 50 50 50 48 46 44 42 40 38 36 34 32 30 28 26 24 22 20 18 16 14 12 10 8 32 32 32 32 32 32 32 32 32 32 32 32 32 32 32 32 32 
0 2 4 6 8 10 12 14 16 18 20 22 22 22 22 22 22 22 22 22 22 22 22 22 22 22 22 22 22 22 22 22 2 4 6 8 10 12 14 16 18 20 22 24 26 28 30 32 34 36 38 40 42 44 46 48 48 48 48 48 48 48 48 46 44 42 40 38 36 34 32 30 28 26 24 22 20 18 16 14 12 10 8 34 34 34 34 34 34 34 34 34 34 34 34 34 34 34 34 34 
0 2 4 6 8 10 12 14 16 18 20 20 20 20 20 20 20 20 20 20 20 20 20 20 20 20 20 20 20 20 20 20 2 4 6 8 10 12 14 16 18 20 22 24 26 28 30 32 34 36 38 40 42 44 46 46 46 46 46 46 46 46 46 46 44 42 40 38 36 34 32 30 28 26 24 22 20 18 16 14 12 10 8 36 36 36 36 36 36 36 36 36 36 36 36 36 36 36 36 36 
0 2 4 6 8 10 12 14 16 18 18 18 18 18 18 18 18 18 18 18 18 18 18 18 18 18 18 18 18 18 18 18 2 4 6 8 10 12 14 16 18 20 22 24 26 28 30 32 34 36 38 40 42 44 44 44 44 44 44 44 44 44 44 44 44 42 40 38 36 34 32 30 28 26 24 22 20 18 16 14 12 10 38 38 38 38 38 38 38 38 38 38 38 38 38 38 38 38 38 36 
0 2 4 6 8 10 12 14 16 16 16 16 16 16 16 16 16 16 16 16 16 16 16 16 16 16 16 16 16 16 16 16 2 4 6 8 10 12 14 16 18 20 22 24 26 28 30 32 34 36 38 40 42 42 42 42 42 42 42 42 42 42 42 42 42 42 40 38 36 34 32 30 28 26 24 22 20 18 16 14 12 10 40 40 40 40 40 40 40 40 40 40 40 40 40 40 40 40 38 36 
0 2 4 6 8 10 12 14 14 14 14 14 14 14 14 14 14 14 14 14 14 14 14 14 14 14 14 14 14 14 14 14 2 4 6 8 10 12 14 16 18 20 22 24 26 28 30 32 34 36 38 40 40 40 40 40 40 40 40 40 40 40 40 40 40 40 40 38 36 34 32 30 28 26 24 22 20 18 16 14 12 10 40 42 42 42 42 42 42 42 42 42 42 42 42 42 42 40 38 36 
0 2 4 6 8 10 12 12 12 12 12 12 12 12 12 12 12 12 12 12 12 12 12 12 12 12 12 12 12 12 12 12 2 4 6 8 10 12 14 16 18 20 22 24 26 28 30 32 34 36 38 38 38 38 38 38 38 38 38 38 38 38 38 38 38 38 38 38 36 34 32 30 28 26 24 22 20 18 16 14 12 10 40 42 44 44 44 44 44 44 44 44 44 44 44 44 42 40 38 36 
0 2 4 6 8 10 10 10 10 10 10 10 10 10 10 10 10 10 10 10 10 10 10 10 10 10 10 10 10 10 10 10 2 4 6 8 10 12 14 16 18 20 22 24 26 28 30 32 34 36 36 36 36 36 36 36 36 36 36 36 36 36 36 36 36 36 36 36 36 34 32 30 28 26 24 22 20 18 16 14 12 10 40 42 44 46 46 46 46 46 46 46 46 46 46 44 42 40 38 36 
0 2 4 6 8 8 8 8 8 8 8 8 8 8 8 8 8 8 8 8 8 8 8 8 8 8 8 8 8 8 8 8 2 4 6 8 10 12 14 16 18 20 22 24 26 28 30 32 34 34 34 34 34 34 34 34 34 34 34 34 34 34 34 34 34 34 34 34 34 34 32 30 28 26 24 22 20 18 16 14 12 10 40 42 44 46 48 48 48 48 48 48 48 48 46 44 42 40 38 36 
0 2 4 6 6 6 6 6 6 6 6 6 6 6 6 6 6 6 6 6 6 6 6 6 6 6 6 6 6 6 6 6 2 4 6 8 10 12 14 16 18 20 22 24 26 28 30 32 32 32 32 32 32 32 32 32 32 32 32 32 32 32 32 32 32 32 32 32 32 32 32 30 28 26 24 22 20 18 16 14 12 10 40 42 44 46 48 50 50 50 50 50 50 48 46 44 42 40 38 36 
0 2 4 4 4 4 4 4 4 4 4 4 4 4 4 4 4 4 4 4 4 4 4 4 4 4 4 4 4 4 4 4 2 4 6 8 10 12 14 16 18 20 22 24 26 28 30 30 30 30 30 30 30 30 30 30 30 30 30 30 30 30 30 30 30 30 30 30 30 30 30 30 28 26 24 22 20 18 16 14 12 10 40 42 44 46 48 50 52 52 52 52 50 48 46 44 42 40 38 36 
0 2 2 2 2 2 2 2 2 2 2 2 2 2 2 2 2 2 2 2 2 2 2 2 2 2 2 2 2 2 2 2 2 4 6 8 10 12 14 16 18 20 22 24 26 28 28 28 28 28 28 28 28 28 28 28 28 28 28 28 28 28 28 28 28 28 28 28 28 28 28 28 28 26 24 22 20 18 16 14 12 10 40 42 44 46 48 50 52 54 54 52 50 48 46 44 42 40 38 36 
0 0 0 0 0 0 0 0 0 0 0 0 0 0 0 0 1 3 5 7 9 11 13 15 17 19 21 23 25 27 29 31 2 4 6 8 10 12 14 16 18 20 22 24 26 26 26 26 26 26 26 26 26 26 26 26 26 26 26 26 26 26 26 26 26 26 26 26 26 26 26 26 26 26 24 22 20 18 16 14 12 10 40 42 44 46 48 50 52 54 54 52 50 48 46 44 42 40 38 36 
0 0 0 0 0 0 0 0 0 0 0 0 0 0 0 0 1 3 5 7 9 11 13 15 17 19 21 23 25 27 29 31 2 4 6 8 10 12 14 16 18 20 22 24 24 24 24 24 24 24 24 24 24 24 24 24 24 24 24 24 24 24 24 24 24 24 24 24 24 24 24 24 24 24 24 22 20 18 16 14 12 10 40 42 44 46 48 50 52 52 52 52 50 48 46 44 42 40 38 36 
0 0 0 0 0 0 0 0 0 0 0 0 0 0 0 0 1 3 5 7 9 11 13 15 17 19 21 23 25 27 29 31 2 4 6 8 10 12 14 16 18 20 22 22 22 22 22 22 22 22 22 22 22 22 22 22 22 22 22 22 22 22 22 22 22 22 22 22 22 22 22 22 22 22 22 22 20 18 16 14 12 10 40 42 44 46 48 50 50 50 50 50 50 48 46 44 42 40 38 36 
0 0 0 0 0 0 0 0 0 0 0 0 0 0 0 0 1 3 5 7 9 11 13 15 17 19 21 23 25 27 29 31 2 4 6 8 10 12 14 16 18 20 20 20 20 20 20 20 20 20 20 20 20 20 20 20 20 20 20 20 20 20 20 20 20 20 20 20 20 20 20 20 20 20 20 20 20 18 16 14 12 10 40 42 44 46 48 48 48 48 48 48 48 48 46 44 42 40 38 36 
0 0 0 0 0 0 0 0 0 0 0 0 0 0 0 0 1 3 5 7 9 11 13 15 17 19 21 23 25 27 29 31 2 4 6 8 10 12 14 16 18 18 18 18 18 18 18 18 18 18 18 18 18 18 18 18 18 18 18 18 18 18 18 18 18 18 18 18 18 18 18 18 18 18 18 18 18 18 16 14 12 10 40 42 44 46 46 46 46 46 46 46 46 46 46 44 42 40 38 36 
